   0.0000   0.0000   0.0000   0.0000   0.0000   0.0000   0.0000   0.0000   0.0000
   0.0000   0.0000   0.0000   0.0000   0.0000   0.0000   0.0000   0.0000   0.0000
   0.0000   0.0000   0.0000   0.0000   0.0000   0.0000   0.0000   0.0000   0.0000
   0.0000   0.0000   0.0000   0.0000   0.0000   0.0000   0.0000   0.0000   0.0000
   0.0000   0.0000   0.0000   0.0000   0.0000   0.0000   0.0000   0.0000   0.0000
   0.0000   0.0000   0.0000   0.0000   0.0000   0.0000   0.0000   0.0000   0.0000
   0.0000   0.0000   0.0000   0.0000   0.0000   0.0000   0.0000   0.0000   0.0000
   0.0000   0.0000   0.0000   0.0000   0.0000   0.0000   0.0000   0.0000   0.0000
   0.0000   0.0000   0.0000   0.0000   0.0000   0.0000   0.0000   0.0000   0.0000
   0.0000   0.0000   0.0000   0.0000   0.0000   0.0000   0.0000   0.0000   0.0000
   0.0000   0.0000   0.0000   0.0000   0.0000   0.0000   0.0000   0.0000   0.0000
   0.0000   0.0000   0.0000   0.0000   0.0000   0.0000   0.0000   0.0000   0.0000
   0.0000   0.0000   0.0000   0.0000   0.0000   0.0000   0.0000   0.0000   0.0000
   0.0000   0.0000   0.0000   0.0000   0.0000   0.0000   0.0000   0.0000   0.0000
   0.0000   0.0000   0.0000   0.0000   0.0000   0.0000   0.0000   0.0000   0.0000
   0.0000   0.0000   0.0000   0.0000   0.0000   0.0000   0.0000   0.0000   0.0000
   0.0000   0.0000   0.0000   0.0000   0.0000   0.0000   0.0000   0.0000   0.0000
   0.0000   0.0000   0.0000   0.0000   0.0000   0.0000   0.0000   0.0000   0.0000
   0.0000   0.0000   0.0000   0.0000   0.0000   0.0000   0.0000   0.0000   0.0000
   0.0000   0.0000   0.0000   0.0000   0.0000   0.0000   0.0000   0.0000   0.0000
   0.0000   0.0000   0.0000   0.0000   0.0000   0.0000   0.0000   0.0000   0.0000
   0.0000   0.0000   0.0000   0.0000   0.0000   0.0000   0.0000   0.0000   0.0000
   0.0000   0.0000   0.0000   0.0000   0.0000   0.0000   0.0000   0.0000   0.0000
   0.0000   0.0000   0.0000   0.0000   0.0000   0.0000   0.0000   0.0000   0.0000
   0.0000   0.0000   0.0000   0.0000   0.0000   0.0000   0.0000   0.0000   0.0000
   0.0000   0.0000   0.0000   0.0000   0.0000   0.0000   0.0000   0.0000   0.0000
   0.0000   0.0000   0.0000   0.0000   0.0000   0.0000   0.0000   0.0000   0.0000
   0.0000   0.0000   0.0000  34.0370   0.0000   0.0000   0.0000  34.0299  33.8304
   0.0000   0.0000   0.0000  34.0374  33.8984  33.9445   0.0000  34.0315  33.8304
   0.0000   0.0000   0.0000  34.0374  33.9176  33.9447  34.0593  34.0318  33.8304
   0.0000   0.0000   0.0000  34.0387  33.9238  33.9449  34.0593  34.0321  33.8304
   0.0000   0.0000   0.0000  34.0393  33.9311  33.9450  34.0591  34.0326  33.8305
   0.0000   0.0000   0.0000  34.0399  33.9390  33.9455  34.0591  34.0402  33.8305
   0.0000   0.0000   0.0000  34.0400  33.9440  33.9457  34.0590  34.0402  33.8305
   0.0000   0.0000   0.0000  34.0403  33.9448  33.9473  34.0590  34.0405  33.8307
   0.0000   0.0000   0.0000  34.0404  33.9456  33.9478  34.0590  34.0409  33.8307
   0.0000   0.0000   0.0000  34.0406  33.9457  33.9511  34.0589  34.0409  33.8307
   0.0000   0.0000   0.0000  34.0436  33.9475  33.9511  34.0588  34.0420  33.8308
   0.0000   0.0000   0.0000  34.0450  33.9487  33.9606  34.0588  34.0423  33.8308
   0.0000   0.0000   0.0000  34.0465  33.9531  33.9732  34.0588  34.0473  33.8310
   0.0000   0.0000   0.0000  34.0468  33.9578  33.9794  34.0587  34.0488  33.8311
   0.0000   0.0000   0.0000  34.0470  33.9596  33.9797  34.0587  34.0488  33.8313
   0.0000   0.0000   0.0000  34.0488  33.9615  33.9811  34.0587  34.0491  33.8313
   0.0000   0.0000   0.0000  34.0503  33.9647  33.9816  34.0586  34.0494  33.8314
   0.0000   0.0000   0.0000  34.0506  33.9677  33.9852  34.0586  34.0495  33.8314
   0.0000   0.0000   0.0000  34.0506  33.9718  33.9896  34.0586  34.0498  33.8314
   0.0000   0.0000   0.0000  34.0506  33.9734  33.9915  34.0586  34.0506  33.8314
   0.0000   0.0000   0.0000  34.0510  33.9759  33.9927  34.0586  34.0506  33.8314
   0.0000   0.0000   0.0000  34.0510  33.9759  33.9942  34.0586  34.0506  33.8315
   0.0000   0.0000   0.0000  34.0510  33.9774  33.9966  34.0586  34.0506  33.8316
   0.0000   0.0000   0.0000  34.0510  33.9793  33.9972  34.0586  34.0507  33.8321
   0.0000   0.0000   0.0000  34.0510  33.9805  33.9987  34.0586  34.0507  33.8322
   0.0000   0.0000   0.0000  34.0510  33.9824  33.9990  34.0586  34.0508  33.8322
   0.0000   0.0000   0.0000  34.0510  33.9844  33.9997  34.0586  34.0508  33.8326
   0.0000   0.0000   0.0000  34.0510  33.9863  34.0000  34.0585  34.0508  33.8326
   0.0000   0.0000   0.0000  34.0510  33.9953  34.0000  34.0585  34.0508  33.8328
   0.0000   0.0000   0.0000  34.0510  34.0002  34.0001  34.0585  34.0508  33.8330
   0.0000   0.0000   0.0000  34.0510  34.0025  34.0002  34.0585  34.0508  33.8358
   0.0000   0.0000   0.0000  34.0513  34.0050  34.0002  34.0585  34.0508  33.8415
   0.0000   0.0000   0.0000  34.0519  34.0065  34.0003  34.0584  34.0509  33.8489
   0.0000   0.0000   0.0000  34.0519  34.0118  34.0003  34.0584  34.0512  33.8572
   0.0000   0.0000   0.0000  34.0519  34.0146  34.0004  34.0583  34.0513  33.8743
   0.0000   0.0000   0.0000  34.0519  34.0203  34.0005  34.0582  34.0513  33.8957
   0.0000   0.0000   0.0000  34.0519  34.0333  34.0005  34.0582  34.0516  33.9105
   0.0000   0.0000   0.0000  34.0519  34.0342  34.0005  34.0582  34.0518  33.9126
   0.0000   0.0000   0.0000  34.0519  34.0377  34.0006  34.0582  34.0518  33.9156
   0.0000   0.0000   0.0000  34.0519  34.0423  34.0007  34.0582  34.0518  33.9177
   0.0000   0.0000   0.0000  34.0519  34.0446  34.0009  34.0581  34.0518  33.9187
   0.0000   0.0000   0.0000  34.0519  34.0460  34.0009  34.0580  34.0518  33.9198
   0.0000   0.0000   0.0000  34.0519  34.0462  34.0010  34.0578  34.0518  33.9209
   0.0000   0.0000   0.0000  34.0519  34.0471  34.0010  34.0578  34.0518  33.9235
   0.0000   0.0000   0.0000  34.0519  34.0485  34.0013  34.0577  34.0518  33.9315
   0.0000   0.0000   0.0000  34.0519  34.0489  34.0014  34.0576  34.0519  33.9422
   0.0000   0.0000   0.0000  34.0519  34.0503  34.0021  34.0576  34.0519  33.9430
   0.0000   0.0000   0.0000  34.0519  34.0515  34.0029  34.0575  34.0519  33.9431
   0.0000   0.0000   0.0000  34.0520  34.0521  34.0038  34.0569  34.0519  33.9441
   0.0000   0.0000   0.0000  34.0520  34.0529  34.0049  34.0565  34.0519  33.9441
   0.0000   0.0000   0.0000  34.0521  34.0533  34.0099  34.0565  34.0519  33.9441
   0.0000   0.0000   0.0000  34.0522  34.0542  34.0346  34.0563  34.0519  33.9441
   0.0000   0.0000   0.0000  34.0534  34.0545  34.0352  34.0562  34.0519  33.9441
   0.0000   0.0000   0.0000  34.0534  34.0549  34.0365  34.0562  34.0521  33.9448
   0.0000   0.0000   0.0000  34.0536  34.0550  34.0411  34.0562  34.0521  33.9452
   0.0000   0.0000   0.0000  34.0536  34.0578  34.0501  34.0562  34.0534  33.9456
   0.0000   0.0000   0.0000  34.0540  34.0591  34.0559  34.0562  34.0539  33.9457
   0.0000   0.0000   0.0000  34.0541  34.0593  34.0562  34.0562  34.0543  33.9459
   0.0000   0.0000   0.0000  34.0542  34.0598  34.0564  34.0561  34.0555  33.9460
   0.0000   0.0000   0.0000  34.0543  34.0607  34.0565  34.0557  34.0557  33.9463
   0.0000   0.0000   0.0000  34.0552  34.0612  34.0583  34.0555  34.0558  33.9464
   0.0000   0.0000   0.0000  34.0553  34.0618  34.0596  34.0555  34.0558  33.9465
   0.0000   0.0000   0.0000  34.0555  34.0618  34.0601  34.0555  34.0567  33.9465
   0.0000   0.0000   0.0000  34.0556  34.0621  34.0619  34.0555  34.0567  33.9466
   0.0000   0.0000   0.0000  34.0556  34.0621  34.0624  34.0554  34.0567  33.9466
   0.0000   0.0000   0.0000  34.0557  34.0625  34.0624  34.0553  34.0567  33.9467
   0.0000   0.0000   0.0000  34.0559  34.0626  34.0624  34.0553  34.0571  33.9468
   0.0000   0.0000   0.0000  34.0559  34.0633  34.0624  34.0552  34.0571  33.9513
   0.0000   0.0000   0.0000  34.0563  34.0633  34.0624  34.0551  34.0572  33.9534
   0.0000   0.0000   0.0000  34.0567  34.0633  34.0624  34.0550  34.0574  33.9552
   0.0000   0.0000   0.0000  34.0586  34.0633  34.0624  34.0549  34.0580  33.9572
   0.0000   0.0000   0.0000  34.0596  34.0633  34.0624  34.0549  34.0581  33.9582
   0.0000   0.0000   0.0000  34.0596  34.0633  34.0624  34.0548  34.0583  33.9590
   0.0000   0.0000   0.0000  34.0599  34.0633  34.0624  34.0546  34.0583  33.9595
   0.0000   0.0000   0.0000  34.0599  34.0633  34.0624  34.0546  34.0587  33.9610
   0.0000   0.0000   0.0000  34.0599  34.0633  34.0624  34.0543  34.0588  33.9610
   0.0000   0.0000   0.0000  34.0599  34.0633  34.0624  34.0543  34.0590  33.9610
   0.0000   0.0000   0.0000  34.0599  34.0633  34.0624  34.0542  34.0590  33.9610
   0.0000   0.0000   0.0000  34.0599  34.0633  34.0624  34.0541  34.0591  33.9610
   0.0000   0.0000   0.0000  34.0599  34.0633  34.0624  34.0538  34.0592  33.9610
   0.0000   0.0000   0.0000  34.0599  34.0633  34.0624  34.0537  34.0593  33.9615
   0.0000   0.0000   0.0000  34.0599  34.0628  34.0624  34.0537  34.0595  33.9742
   0.0000   0.0000   0.0000  34.0599  34.0626  34.0624  34.0534  34.0595  33.9847
   0.0000   0.0000   0.0000  34.0599  34.0626  34.0624  34.0533  34.0597  33.9929
   0.0000   0.0000   0.0000  34.0599  34.0626  34.0601  34.0532  34.0599  33.9995
   0.0000   0.0000   0.0000  34.0599  34.0626  34.0601  34.0530  34.0602  34.0010
   0.0000   0.0000   0.0000  34.0599  34.0626  34.0601  34.0530  34.0603  34.0015
   0.0000   0.0000   0.0000  34.0599  34.0626  34.0565  34.0530  34.0603  34.0015
   0.0000   0.0000   0.0000  34.0599  34.0626  34.0562  34.0530  34.0603  34.0022
   0.0000   0.0000   0.0000  34.0599  34.0626  34.0549  34.0530  34.0603  34.0104
   0.0000   0.0000   0.0000  34.0599  34.0626  34.0549  34.0530  34.0603  34.0128
   0.0000   0.0000   0.0000  34.0599  34.0626  34.0542  34.0530  34.0603  34.0130
   0.0000   0.0000   0.0000  34.0599  34.0626  34.0532  34.0531  34.0603  34.0140
   0.0000   0.0000   0.0000  34.0599  34.0618  34.0531  34.0531  34.0603  34.0144
   0.0000   0.0000   0.0000  34.0599  34.0618  34.0530  34.0531  34.0603  34.0145
   0.0000   0.0000   0.0000  34.0599  34.0617  34.0529  34.0531  34.0603  34.0162
   0.0000   0.0000   0.0000  34.0599  34.0612  34.0528  34.0531  34.0603  34.0164
   0.0000   0.0000   0.0000  34.0599  34.0610  34.0527  34.0530  34.0603  34.0168
   0.0000   0.0000   0.0000  34.0599  34.0610  34.0524  34.0530  34.0603  34.0171
   0.0000   0.0000   0.0000  34.0598  34.0610  34.0520  34.0529  34.0602  34.0182
   0.0000   0.0000   0.0000  34.0589  34.0610  34.0520  34.0527  34.0599  34.0185
   0.0000   0.0000   0.0000  34.0586  34.0610  34.0520  34.0525  34.0598  34.0185
   0.0000   0.0000   0.0000  34.0571  34.0610  34.0520  34.0524  34.0597  34.0186
   0.0000   0.0000   0.0000  34.0557  34.0606  34.0520  34.0524  34.0595  34.0187
   0.0000   0.0000   0.0000  34.0551  34.0605  34.0520  34.0523  34.0595  34.0187
   0.0000   0.0000   0.0000  34.0548  34.0602  34.0520  34.0520  34.0595  34.0192
   0.0000   0.0000   0.0000  34.0546  34.0598  34.0520  34.0520  34.0590  34.0194
   0.0000   0.0000   0.0000  34.0539  34.0598  34.0520  34.0520  34.0583  34.0195
   0.0000   0.0000   0.0000  34.0535  34.0597  34.0520  34.0520  34.0574  34.0197
   0.0000   0.0000   0.0000  34.0535  34.0594  34.0520  34.0520  34.0565  34.0199
   0.0000   0.0000   0.0000  34.0535  34.0591  34.0520  34.0520  34.0555  34.0199
   0.0000   0.0000   0.0000  34.0533  34.0591  34.0520  34.0520  34.0555  34.0200
   0.0000   0.0000   0.0000  34.0532  34.0590  34.0520  34.0520  34.0555  34.0207
   0.0000   0.0000   0.0000  34.0532  34.0589  34.0520  34.0520  34.0555  34.0210
   0.0000   0.0000   0.0000  34.0531  34.0588  34.0519  34.0520  34.0551  34.0213
   0.0000   0.0000   0.0000  34.0529  34.0588  34.0519  34.0520  34.0550  34.0217
   0.0000   0.0000   0.0000  34.0528  34.0587  34.0516  34.0520  34.0550  34.0219
   0.0000   0.0000   0.0000  34.0526  34.0584  34.0519  34.0520  34.0549  34.0226
   0.0000   0.0000   0.0000  34.0525  34.0582  34.0519  34.0520  34.0547  34.0229
   0.0000   0.0000   0.0000  34.0525  34.0582  34.0519  34.0520  34.0546  34.0229
   0.0000   0.0000   0.0000  34.0524  34.0575  34.0519  34.0520  34.0545  34.0230
   0.0000   0.0000   0.0000  34.0520  34.0575  34.0519  34.0523  34.0544  34.0232
   0.0000   0.0000   0.0000  34.0519  34.0574  34.0519  34.0523  34.0543  34.0232
   0.0000   0.0000   0.0000  34.0519  34.0572  34.0519  34.0523  34.0542  34.0237
   0.0000   0.0000   0.0000  34.0515  34.0572  34.0519  34.0524  34.0542  34.0241
   0.0000   0.0000   0.0000  34.0513  34.0572  34.0520  34.0524  34.0542  34.0259
   0.0000   0.0000   0.0000  34.0512  34.0572  34.0520  34.0524  34.0542  34.0270
   0.0000   0.0000   0.0000  34.0511  34.0572  34.0520  34.0524  34.0541  34.0272
   0.0000   0.0000   0.0000  34.0510  34.0572  34.0521  34.0524  34.0537  34.0272
   0.0000   0.0000   0.0000  34.0508  34.0572  34.0523  34.0524  34.0532  34.0289
   0.0000   0.0000   0.0000  34.0507  34.0570  34.0524  34.0527  34.0530  34.0289
   0.0000   0.0000   0.0000  34.0506  34.0565  34.0524  34.0529  34.0529  34.0289
   0.0000   0.0000   0.0000  34.0499  34.0558  34.0524  34.0530  34.0529  34.0292
   0.0000   0.0000   0.0000  34.0489  34.0552  34.0524  34.0531  34.0527  34.0301
   0.0000   0.0000   0.0000  34.0489  34.0549  34.0525  34.0531  34.0526  34.0302
   0.0000   0.0000   0.0000  34.0489  34.0547  34.0527  34.0531  34.0523  34.0302
   0.0000   0.0000   0.0000  34.0489  34.0546  34.0527  34.0533  34.0522  34.0303
   0.0000   0.0000   0.0000  34.0489  34.0545  34.0527  34.0533  34.0520  34.0303
   0.0000   0.0000   0.0000  34.0489  34.0543  34.0527  34.0535  34.0519  34.0303
   0.0000   0.0000   0.0000  34.0489  34.0541  34.0527  34.0536  34.0519  34.0303
   0.0000   0.0000   0.0000  34.0489  34.0540  34.0527  34.0536  34.0519  34.0305
   0.0000   0.0000   0.0000  34.0489  34.0540  34.0528  34.0537  34.0518  34.0306
   0.0000   0.0000   0.0000  34.0489  34.0538  34.0528  34.0537  34.0517  34.0307
   0.0000   0.0000   0.0000  34.0489  34.0531  34.0528  34.0537  34.0517  34.0309
   0.0000   0.0000   0.0000  34.0489  34.0531  34.0528  34.0538  34.0517  34.0310
   0.0000   0.0000   0.0000  34.0489  34.0531  34.0528  34.0539  34.0517  34.0315
   0.0000   0.0000   0.0000  34.0488  34.0531  34.0528  34.0540  34.0517  34.0319
   0.0000   0.0000   0.0000  34.0488  34.0531  34.0528  34.0540  34.0517  34.0322
   0.0000   0.0000   0.0000  34.0488  34.0531  34.0528  34.0540  34.0517  34.0322
   0.0000   0.0000   0.0000  34.0488  34.0531  34.0529  34.0540  34.0516  34.0323
   0.0000   0.0000   0.0000  34.0487  34.0531  34.0529  34.0540  34.0516  34.0325
   0.0000   0.0000   0.0000  34.0486  34.0531  34.0531  34.0540  34.0516  34.0328
   0.0000   0.0000   0.0000  34.0486  34.0531  34.0532  34.0540  34.0516  34.0329
   0.0000   0.0000   0.0000  34.0485  34.0531  34.0534  34.0540  34.0515  34.0329
   0.0000   0.0000   0.0000  34.0485  34.0531  34.0534  34.0540  34.0515  34.0330
   0.0000   0.0000   0.0000  34.0485  34.0531  34.0541  34.0540  34.0515  34.0330
   0.0000   0.0000   0.0000  34.0485  34.0529  34.0548  34.0540  34.0515  34.0331
   0.0000   0.0000   0.0000  34.0485  34.0528  34.0549  34.0540  34.0514  34.0332
   0.0000   0.0000   0.0000  34.0484  34.0526  34.0549  34.0540  34.0514  34.0336
   0.0000   0.0000   0.0000  34.0484  34.0525  34.0550  34.0540  34.0513  34.0339
   0.0000   0.0000   0.0000  34.0484  34.0525  34.0559  34.0540  34.0513  34.0342
   0.0000   0.0000   0.0000  34.0484  34.0525  34.0561  34.0540  34.0513  34.0342
   0.0000   0.0000   0.0000  34.0484  34.0525  34.0561  34.0540  34.0513  34.0343
   0.0000   0.0000   0.0000  34.0484  34.0525  34.0565  34.0540  34.0513  34.0344
   0.0000   0.0000   0.0000  34.0484  34.0525  34.0571  34.0540  34.0513  34.0346
   0.0000   0.0000   0.0000  34.0484  34.0525  34.0575  34.0540  34.0513  34.0350
   0.0000   0.0000   0.0000  34.0483  34.0525  34.0581  34.0540  34.0512  34.0353
   0.0000   0.0000   0.0000  34.0482  34.0524  34.0583  34.0540  34.0512  34.0353
   0.0000   0.0000   0.0000  34.0476  34.0524  34.0588  34.0540  34.0512  34.0356
   0.0000   0.0000   0.0000  34.0475  34.0524  34.0591  34.0538  34.0510  34.0356
   0.0000   0.0000   0.0000  34.0474  34.0524  34.0595  34.0537  34.0510  34.0356
   0.0000   0.0000   0.0000  34.0475  34.0524  34.0603  34.0529  34.0508  34.0357
   0.0000   0.0000   0.0000  34.0475  34.0522  34.0604  34.0529  34.0507  34.0362
   0.0000   0.0000   0.0000  34.0476  34.0524  34.0604  34.0525  34.0507  34.0366
   0.0000   0.0000   0.0000  34.0476  34.0524  34.0606  34.0525  34.0507  34.0371
   0.0000   0.0000   0.0000  34.0476  34.0522  34.0607  34.0523  34.0507  34.0375
   0.0000   0.0000   0.0000  34.0477  34.0521  34.0607  34.0523  34.0505  34.0389
   0.0000   0.0000   0.0000  34.0477  34.0521  34.0609  34.0522  34.0505  34.0391
   0.0000   0.0000   0.0000  34.0480  34.0521  34.0611  34.0519  34.0505  34.0395
   0.0000   0.0000   0.0000  34.0480  34.0521  34.0618  34.0519  34.0503  34.0395
   0.0000   0.0000   0.0000  34.0480  34.0521  34.0618  34.0517  34.0503  34.0397
   0.0000   0.0000   0.0000  34.0480  34.0521  34.0628  34.0516  34.0503  34.0401
   0.0000   0.0000   0.0000  34.0480  34.0520  34.0633  34.0514  34.0503  34.0403
   0.0000   0.0000   0.0000  34.0480  34.0520  34.0641  34.0514  34.0502  34.0405
   0.0000   0.0000   0.0000  34.0480  34.0520  34.0644  34.0512  34.0501  34.0410
   0.0000   0.0000   0.0000  34.0480  34.0518  34.0662  34.0512  34.0499  34.0426
   0.0000   0.0000   0.0000  34.0480  34.0518  34.0674  34.0512  34.0499  34.0445
   0.0000   0.0000   0.0000  34.0480  34.0517  34.0685  34.0512  34.0499  34.0447
   0.0000   0.0000   0.0000  34.0480  34.0517  34.0700  34.0514  34.0498  34.0459
   0.0000   0.0000   0.0000  34.0480  34.0517  34.0700  34.0514  34.0498  34.0459
   0.0000   0.0000   0.0000  34.0480  34.0517  34.0700  34.0514  34.0497  34.0459
   0.0000   0.0000   0.0000  34.0480  34.0517  34.0700  34.0514  34.0497  34.0459
   0.0000   0.0000   0.0000  34.0480  34.0513  34.0700  34.0514  34.0496  34.0459
   0.0000   0.0000   0.0000  34.0480  34.0512  34.0700  34.0514  34.0495  34.0459
   0.0000   0.0000   0.0000  34.0479  34.0511  34.0700  34.0514  34.0495  34.0459
   0.0000   0.0000   0.0000  34.0479  34.0511  34.0700  34.0514  34.0495  34.0459
   0.0000   0.0000   0.0000  34.0479  34.0509  34.0700  34.0514  34.0495  34.0459
   0.0000   0.0000   0.0000  34.0479  34.0508  34.0700  34.0514  34.0495  34.0459
   0.0000   0.0000   0.0000  34.0479  34.0507  34.0700  34.0514  34.0495  34.0459
   0.0000   0.0000   0.0000  34.0479  34.0505  34.0700  34.0514  34.0494  34.0460
   0.0000   0.0000   0.0000  34.0479  34.0502  34.0700  34.0514  34.0494  34.0461
   0.0000   0.0000   0.0000  34.0480  34.0501  34.0700  34.0514  34.0494  34.0461
   0.0000   0.0000   0.0000  34.0480  34.0498  34.0700  34.0514  34.0493  34.0463
   0.0000   0.0000   0.0000  34.0480  34.0498  34.0700  34.0514  34.0492  34.0472
   0.0000   0.0000   0.0000  34.0481  34.0497  34.0700  34.0516  34.0492  34.0474
   0.0000   0.0000   0.0000  34.0481  34.0497  34.0700  34.0516  34.0491  34.0483
   0.0000   0.0000   0.0000  34.0481  34.0497  34.0700  34.0516  34.0491  34.0485
   0.0000   0.0000   0.0000  34.0481  34.0496  34.0700  34.0516  34.0490  34.0490
   0.0000   0.0000   0.0000  34.0482  34.0497  34.0700  34.0517  34.0490  34.0491
   0.0000   0.0000   0.0000  34.0482  34.0497  34.0700  34.0518  34.0490  34.0493
   0.0000   0.0000   0.0000  34.0483  34.0497  34.0700  34.0518  34.0489  34.0494
   0.0000   0.0000   0.0000  34.0483  34.0497  34.0700  34.0519  34.0489  34.0497
   0.0000   0.0000   0.0000  34.0483  34.0497  34.0700  34.0519  34.0489  34.0499
   0.0000   0.0000   0.0000  34.0483  34.0497  34.0700  34.0519  34.0489  34.0499
   0.0000   0.0000   0.0000  34.0484  34.0497  34.0691  34.0521  34.0489  34.0500
   0.0000   0.0000   0.0000  34.0484  34.0497  34.0688  34.0521  34.0488  34.0500
   0.0000   0.0000   0.0000  34.0484  34.0497  34.0686  34.0522  34.0488  34.0502
   0.0000   0.0000   0.0000  34.0485  34.0497  34.0683  34.0522  34.0488  34.0502
   0.0000   0.0000   0.0000  34.0485  34.0497  34.0657  34.0523  34.0488  34.0504
   0.0000   0.0000   0.0000  34.0485  34.0497  34.0604  34.0523  34.0487  34.0504
   0.0000   0.0000   0.0000  34.0485  34.0497  34.0603  34.0523  34.0487  34.0504
   0.0000   0.0000   0.0000  34.0487  34.0497  34.0602  34.0524  34.0487  34.0504
   0.0000   0.0000   0.0000  34.0488  34.0497  34.0602  34.0525  34.0487  34.0504
   0.0000   0.0000   0.0000  34.0489  34.0497  34.0600  34.0526  34.0486  34.0504
   0.0000   0.0000   0.0000  34.0495  34.0497  34.0598  34.0526  34.0486  34.0504
   0.0000   0.0000   0.0000  34.0496  34.0497  34.0598  34.0526  34.0486  34.0504
   0.0000   0.0000   0.0000  34.0498  34.0497  34.0596  34.0526  34.0486  34.0502
   0.0000   0.0000   0.0000  34.0498  34.0497  34.0596  34.0526  34.0486  34.0502
   0.0000   0.0000   0.0000  34.0499  34.0497  34.0596  34.0526  34.0486  34.0502
   0.0000   0.0000   0.0000  34.0499  34.0497  34.0595  34.0526  34.0486  34.0502
   0.0000   0.0000   0.0000  34.0499  34.0498  34.0594  34.0526  34.0486  34.0502
   0.0000   0.0000   0.0000  34.0500  34.0498  34.0591  34.0526  34.0486  34.0502
   0.0000   0.0000   0.0000  34.0501  34.0498  34.0591  34.0526  34.0486  34.0502
   0.0000   0.0000   0.0000  34.0501  34.0498  34.0587  34.0526  34.0486  34.0502
   0.0000   0.0000   0.0000  34.0501  34.0500  34.0587  34.0526  34.0486  34.0504
   0.0000   0.0000   0.0000  34.0501  34.0500  34.0585  34.0526  34.0485  34.0504
   0.0000   0.0000   0.0000  34.0501  34.0504  34.0584  34.0526  34.0485  34.0504
   0.0000   0.0000   0.0000  34.0501  34.0510  34.0580  34.0526  34.0485  34.0505
   0.0000   0.0000   0.0000  34.0501  34.0511  34.0577  34.0527  34.0485  34.0508
   0.0000   0.0000   0.0000  34.0502  34.0511  34.0568  34.0527  34.0484  34.0509
   0.0000   0.0000   0.0000  34.0502  34.0511  34.0560  34.0527  34.0484  34.0509
   0.0000   0.0000   0.0000  34.0503  34.0511  34.0558  34.0527  34.0484  34.0509
   0.0000   0.0000   0.0000  34.0503  34.0512  34.0551  34.0528  34.0484  34.0509
   0.0000   0.0000   0.0000  34.0503  34.0513  34.0549  34.0528  34.0484  34.0509
   0.0000   0.0000   0.0000  34.0503  34.0513  34.0549  34.0528  34.0484  34.0509
   0.0000   0.0000   0.0000  34.0503  34.0515  34.0546  34.0528  34.0484  34.0511
   0.0000   0.0000   0.0000  34.0503  34.0515  34.0545  34.0528  34.0484  34.0512
   0.0000   0.0000   0.0000  34.0503  34.0516  34.0544  34.0529  34.0484  34.0514
   0.0000   0.0000   0.0000  34.0504  34.0516  34.0532  34.0529  34.0484  34.0516
   0.0000   0.0000   0.0000  34.0504  34.0516  34.0531  34.0529  34.0484  34.0517
   0.0000   0.0000   0.0000  34.0505  34.0517  34.0531  34.0529  34.0485  34.0517
   0.0000   0.0000   0.0000  34.0505  34.0517  34.0531  34.0530  34.0485  34.0517
   0.0000   0.0000   0.0000  34.0505  34.0517  34.0531  34.0530  34.0485  34.0519
   0.0000   0.0000   0.0000  34.0505  34.0517  34.0530  34.0530  34.0485  34.0519
   0.0000   0.0000   0.0000  34.0506  34.0517  34.0529  34.0531  34.0485  34.0519
   0.0000   0.0000   0.0000  34.0508  34.0517  34.0529  34.0531  34.0485  34.0520
   0.0000   0.0000   0.0000  34.0508  34.0517  34.0528  34.0532  34.0485  34.0521
   0.0000   0.0000   0.0000  34.0509  34.0518  34.0527  34.0532  34.0485  34.0521
   0.0000   0.0000   0.0000  34.0510  34.0518  34.0525  34.0532  34.0485  34.0522
   0.0000   0.0000   0.0000  34.0510  34.0518  34.0523  34.0532  34.0485  34.0522
   0.0000   0.0000   0.0000  34.0512  34.0518  34.0520  34.0532  34.0485  34.0523
   0.0000   0.0000   0.0000  34.0512  34.0518  34.0520  34.0532  34.0485  34.0523
   0.0000   0.0000   0.0000  34.0513  34.0518  34.0519  34.0532  34.0485  34.0524
   0.0000   0.0000   0.0000  34.0513  34.0518  34.0517  34.0532  34.0485  34.0524
   0.0000   0.0000   0.0000  34.0513  34.0518  34.0517  34.0532  34.0485  34.0524
   0.0000   0.0000   0.0000  34.0514  34.0518  34.0516  34.0532  34.0486  34.0525
   0.0000   0.0000   0.0000  34.0514  34.0518  34.0516  34.0532  34.0486  34.0525
   0.0000   0.0000   0.0000  34.0515  34.0518  34.0513  34.0532  34.0486  34.0526
   0.0000   0.0000   0.0000  34.0515  34.0518  34.0513  34.0533  34.0486  34.0526
   0.0000   0.0000   0.0000  34.0515  34.0519  34.0512  34.0533  34.0487  34.0526
   0.0000   0.0000   0.0000  34.0518  34.0519  34.0511  34.0533  34.0487  34.0526
   0.0000   0.0000   0.0000  34.0519  34.0519  34.0511  34.0533  34.0488  34.0526
   0.0000   0.0000   0.0000  34.0525  34.0519  34.0511  34.0534  34.0489  34.0526
   0.0000   0.0000   0.0000  34.0526  34.0518  34.0510  34.0534  34.0490  34.0527
   0.0000   0.0000   0.0000  34.0526  34.0518  34.0510  34.0534  34.0490  34.0531
   0.0000   0.0000   0.0000  34.0528  34.0518  34.0510  34.0534  34.0491  34.0532
   0.0000   0.0000   0.0000  34.0529  34.0518  34.0509  34.0535  34.0496  34.0532
   0.0000   0.0000   0.0000  34.0531  34.0518  34.0509  34.0535  34.0496  34.0533
   0.0000   0.0000   0.0000  34.0531  34.0518  34.0509  34.0535  34.0497  34.0539
   0.0000   0.0000   0.0000  34.0531  34.0518  34.0509  34.0536  34.0497  34.0541
   0.0000   0.0000   0.0000  34.0533  34.0518  34.0509  34.0536  34.0497  34.0545
   0.0000   0.0000   0.0000  34.0534  34.0518  34.0509  34.0536  34.0499  34.0548
   0.0000   0.0000   0.0000  34.0537  34.0518  34.0509  34.0536  34.0499  34.0549
   0.0000   0.0000   0.0000  34.0538  34.0518  34.0509  34.0537  34.0500  34.0550
   0.0000   0.0000   0.0000  34.0539  34.0518  34.0509  34.0537  34.0500  34.0550
   0.0000   0.0000   0.0000  34.0541  34.0518  34.0509  34.0538  34.0501  34.0551
   0.0000   0.0000   0.0000  34.0541  34.0518  34.0503  34.0538  34.0501  34.0551
   0.0000   0.0000   0.0000  34.0541  34.0518  34.0503  34.0539  34.0501  34.0552
   0.0000   0.0000   0.0000  34.0543  34.0518  34.0500  34.0539  34.0501  34.0553
   0.0000   0.0000   0.0000  34.0544  34.0518  34.0498  34.0539  34.0502  34.0553
   0.0000   0.0000   0.0000  34.0544  34.0518  34.0498  34.0539  34.0502  34.0553
   0.0000   0.0000   0.0000  34.0545  34.0518  34.0497  34.0539  34.0502  34.0553
   0.0000   0.0000   0.0000  34.0547  34.0518  34.0496  34.0539  34.0503  34.0553
   0.0000   0.0000   0.0000  34.0547  34.0518  34.0496  34.0539  34.0504  34.0553
   0.0000   0.0000   0.0000  34.0547  34.0518  34.0496  34.0539  34.0506  34.0553
   0.0000   0.0000   0.0000  34.0549  34.0518  34.0495  34.0540  34.0510  34.0553
   0.0000   0.0000   0.0000  34.0549  34.0518  34.0495  34.0540  34.0510  34.0553
   0.0000   0.0000   0.0000  34.0549  34.0518  34.0494  34.0540  34.0511  34.0552
   0.0000   0.0000   0.0000  34.0550  34.0518  34.0490  34.0541  34.0511  34.0551
   0.0000   0.0000   0.0000  34.0551  34.0518  34.0489  34.0542  34.0512  34.0551
   0.0000   0.0000   0.0000  34.0552  34.0518  34.0488  34.0542  34.0513  34.0551
   0.0000   0.0000   0.0000  34.0553  34.0518  34.0487  34.0542  34.0513  34.0551
   0.0000   0.0000   0.0000  34.0553  34.0518  34.0487  34.0542  34.0513  34.0551
   0.0000   0.0000   0.0000  34.0554  34.0518  34.0487  34.0542  34.0513  34.0551
   0.0000   0.0000   0.0000  34.0556  34.0518  34.0487  34.0542  34.0515  34.0551
   0.0000   0.0000   0.0000  34.0557  34.0518  34.0487  34.0543  34.0516  34.0551
   0.0000   0.0000   0.0000  34.0557  34.0518  34.0487  34.0543  34.0516  34.0551
   0.0000   0.0000   0.0000  34.0561  34.0519  34.0487  34.0543  34.0517  34.0549
   0.0000   0.0000   0.0000  34.0562  34.0519  34.0487  34.0543  34.0522  34.0549
   0.0000   0.0000   0.0000  34.0565  34.0519  34.0487  34.0544  34.0523  34.0549
   0.0000   0.0000   0.0000  34.0568  34.0519  34.0487  34.0544  34.0525  34.0549
   0.0000   0.0000   0.0000  34.0568  34.0519  34.0487  34.0544  34.0526  34.0544
   0.0000   0.0000   0.0000  34.0568  34.0519  34.0487  34.0544  34.0527  34.0544
   0.0000   0.0000   0.0000  34.0569  34.0519  34.0487  34.0545  34.0528  34.0534
   0.0000   0.0000   0.0000  34.0569  34.0519  34.0487  34.0545  34.0529  34.0532
   0.0000   0.0000   0.0000  34.0569  34.0519  34.0487  34.0545  34.0529  34.0530
   0.0000   0.0000   0.0000  34.0569  34.0519  34.0487  34.0546  34.0530  34.0530
   0.0000   0.0000   0.0000  34.0570  34.0519  34.0488  34.0546  34.0534  34.0526
   0.0000   0.0000   0.0000  34.0571  34.0519  34.0488  34.0546  34.0535  34.0524
   0.0000   0.0000   0.0000  34.0571  34.0519  34.0488  34.0546  34.0535  34.0524
   0.0000   0.0000   0.0000  34.0571  34.0519  34.0488  34.0546  34.0536  34.0524
   0.0000   0.0000   0.0000  34.0571  34.0520  34.0488  34.0546  34.0537  34.0526
   0.0000   0.0000   0.0000  34.0571  34.0520  34.0489  34.0546  34.0537  34.0526
   0.0000   0.0000   0.0000  34.0573  34.0520  34.0489  34.0547  34.0537  34.0526
   0.0000   0.0000   0.0000  34.0574  34.0520  34.0489  34.0547  34.0538  34.0526
   0.0000   0.0000   0.0000  34.0574  34.0520  34.0489  34.0547  34.0538  34.0526
   0.0000   0.0000   0.0000  34.0575  34.0521  34.0489  34.0547  34.0538  34.0526
   0.0000   0.0000   0.0000  34.0576  34.0522  34.0489  34.0547  34.0538  34.0526
   0.0000   0.0000   0.0000  34.0577  34.0522  34.0491  34.0547  34.0539  34.0526
   0.0000   0.0000   0.0000  34.0577  34.0522  34.0492  34.0547  34.0540  34.0526
   0.0000   0.0000   0.0000  34.0578  34.0524  34.0492  34.0547  34.0541  34.0526
   0.0000   0.0000   0.0000  34.0579  34.0525  34.0492  34.0548  34.0543  34.0524
   0.0000   0.0000   0.0000  34.0581  34.0526  34.0492  34.0548  34.0544  34.0524
   0.0000   0.0000   0.0000  34.0581  34.0526  34.0492  34.0549  34.0547  34.0524
   0.0000   0.0000   0.0000  34.0581  34.0527  34.0492  34.0549  34.0548  34.0524
   0.0000   0.0000   0.0000  34.0582  34.0528  34.0494  34.0550  34.0549  34.0523
   0.0000   0.0000   0.0000  34.0582  34.0529  34.0495  34.0550  34.0549  34.0523
   0.0000   0.0000   0.0000  34.0583  34.0531  34.0495  34.0550  34.0550  34.0524
   0.0000   0.0000   0.0000  34.0583  34.0531  34.0495  34.0550  34.0550  34.0523
   0.0000   0.0000   0.0000  34.0583  34.0533  34.0496  34.0550  34.0552  34.0523
   0.0000   0.0000   0.0000  34.0583  34.0534  34.0496  34.0550  34.0553  34.0523
   0.0000   0.0000   0.0000  34.0584  34.0535  34.0496  34.0551  34.0553  34.0523
   0.0000   0.0000   0.0000  34.0584  34.0535  34.0496  34.0551  34.0554  34.0523
   0.0000   0.0000   0.0000  34.0584  34.0537  34.0497  34.0551  34.0554  34.0523
   0.0000   0.0000   0.0000  34.0584  34.0538  34.0497  34.0551  34.0557  34.0523
   0.0000   0.0000   0.0000  34.0584  34.0540  34.0497  34.0551  34.0558  34.0524
   0.0000   0.0000   0.0000  34.0584  34.0540  34.0498  34.0551  34.0558  34.0526
   0.0000   0.0000   0.0000  34.0585  34.0542  34.0498  34.0551  34.0559  34.0526
   0.0000   0.0000   0.0000  34.0585  34.0542  34.0498  34.0551  34.0560  34.0526
   0.0000   0.0000   0.0000  34.0585  34.0543  34.0499  34.0551  34.0560  34.0526
   0.0000   0.0000   0.0000  34.0585  34.0546  34.0500  34.0552  34.0562  34.0526
   0.0000   0.0000   0.0000  34.0585  34.0547  34.0500  34.0552  34.0563  34.0526
   0.0000   0.0000   0.0000  34.0586  34.0547  34.0501  34.0552  34.0563  34.0526
   0.0000   0.0000   0.0000  34.0586  34.0547  34.0501  34.0552  34.0565  34.0526
   0.0000   0.0000   0.0000  34.0586  34.0548  34.0501  34.0552  34.0567  34.0526
   0.0000   0.0000   0.0000  34.0586  34.0548  34.0501  34.0552  34.0572  34.0526
   0.0000   0.0000   0.0000  34.0586  34.0549  34.0501  34.0553  34.0573  34.0526
   0.0000   0.0000   0.0000  34.0587  34.0549  34.0502  34.0553  34.0577  34.0526
   0.0000   0.0000   0.0000  34.0587  34.0551  34.0502  34.0553  34.0577  34.0526
   0.0000   0.0000   0.0000  34.0587  34.0551  34.0502  34.0553  34.0577  34.0525
   0.0000   0.0000   0.0000  34.0587  34.0552  34.0503  34.0555  34.0578  34.0523
   0.0000   0.0000   0.0000  34.0588  34.0552  34.0503  34.0555  34.0578  34.0523
   0.0000   0.0000   0.0000  34.0589  34.0553  34.0503  34.0556  34.0578  34.0523
   0.0000   0.0000   0.0000  34.0593  34.0553  34.0504  34.0556  34.0579  34.0523
   0.0000   0.0000   0.0000  34.0594  34.0553  34.0505  34.0556  34.0579  34.0525
   0.0000   0.0000   0.0000  34.0594  34.0553  34.0505  34.0557  34.0580  34.0525
   0.0000   0.0000   0.0000  34.0594  34.0554  34.0506  34.0558  34.0580  34.0525
   0.0000   0.0000   0.0000  34.0595  34.0554  34.0506  34.0561  34.0580  34.0525
   0.0000   0.0000   0.0000  34.0595  34.0554  34.0506  34.0562  34.0580  34.0525
   0.0000   0.0000   0.0000  34.0597  34.0554  34.0506  34.0562  34.0581  34.0525
   0.0000   0.0000   0.0000  34.0598  34.0554  34.0507  34.0563  34.0582  34.0525
   0.0000   0.0000   0.0000  34.0600  34.0554  34.0507  34.0563  34.0582  34.0525
   0.0000   0.0000   0.0000  34.0602  34.0555  34.0508  34.0567  34.0584  34.0525
   0.0000   0.0000   0.0000  34.0602  34.0555  34.0508  34.0567  34.0584  34.0525
   0.0000   0.0000   0.0000  34.0603  34.0555  34.0508  34.0568  34.0584  34.0525
   0.0000   0.0000   0.0000  34.0603  34.0555  34.0509  34.0568  34.0584  34.0525
   0.0000   0.0000   0.0000  34.0603  34.0555  34.0509  34.0569  34.0584  34.0525
   0.0000   0.0000   0.0000  34.0603  34.0555  34.0510  34.0569  34.0585  34.0523
   0.0000   0.0000   0.0000  34.0606  34.0555  34.0510  34.0569  34.0587  34.0523
   0.0000   0.0000   0.0000  34.0606  34.0556  34.0512  34.0569  34.0588  34.0523
   0.0000   0.0000   0.0000  34.0607  34.0556  34.0513  34.0570  34.0589  34.0523
   0.0000   0.0000   0.0000  34.0607  34.0557  34.0513  34.0570  34.0589  34.0522
   0.0000   0.0000   0.0000  34.0607  34.0557  34.0515  34.0570  34.0590  34.0522
   0.0000   0.0000   0.0000  34.0607  34.0561  34.0515  34.0571  34.0590  34.0522
   0.0000   0.0000   0.0000  34.0608  34.0566  34.0515  34.0571  34.0590  34.0522
   0.0000   0.0000   0.0000  34.0608  34.0568  34.0516  34.0571  34.0591  34.0522
   0.0000   0.0000   0.0000  34.0608  34.0568  34.0516  34.0572  34.0591  34.0522
   0.0000   0.0000   0.0000  34.0608  34.0569  34.0516  34.0572  34.0592  34.0522
   0.0000   0.0000   0.0000  34.0608  34.0571  34.0517  34.0572  34.0592  34.0522
   0.0000   0.0000   0.0000  34.0609  34.0579  34.0517  34.0572  34.0592  34.0522
   0.0000   0.0000   0.0000  34.0609  34.0579  34.0517  34.0572  34.0592  34.0522
   0.0000   0.0000   0.0000  34.0609  34.0579  34.0517  34.0573  34.0592  34.0525
   0.0000   0.0000   0.0000  34.0609  34.0583  34.0517  34.0573  34.0593  34.0525
   0.0000   0.0000   0.0000  34.0610  34.0583  34.0518  34.0573  34.0597  34.0525
   0.0000   0.0000   0.0000  34.0610  34.0583  34.0518  34.0573  34.0598  34.0525
   0.0000   0.0000   0.0000  34.0612  34.0583  34.0518  34.0574  34.0598  34.0525
   0.0000   0.0000   0.0000  34.0612  34.0586  34.0519  34.0574  34.0599  34.0525
   0.0000   0.0000   0.0000  34.0616  34.0587  34.0519  34.0574  34.0600  34.0525
   0.0000   0.0000   0.0000  34.0616  34.0587  34.0521  34.0576  34.0601  34.0525
   0.0000   0.0000   0.0000  34.0616  34.0587  34.0522  34.0576  34.0602  34.0525
   0.0000   0.0000   0.0000  34.0616  34.0588  34.0523  34.0576  34.0602  34.0525
   0.0000   0.0000   0.0000  34.0617  34.0588  34.0524  34.0576  34.0602  34.0525
   0.0000   0.0000   0.0000  34.0617  34.0589  34.0526  34.0576  34.0603  34.0525
   0.0000   0.0000   0.0000  34.0617  34.0590  34.0526  34.0576  34.0605  34.0525
   0.0000   0.0000   0.0000  34.0618  34.0592  34.0528  34.0577  34.0607  34.0525
   0.0000   0.0000   0.0000  34.0619  34.0593  34.0528  34.0577  34.0607  34.0526
   0.0000   0.0000   0.0000  34.0620  34.0593  34.0529  34.0579  34.0608  34.0526
   0.0000   0.0000   0.0000  34.0622  34.0594  34.0529  34.0581  34.0608  34.0526
   0.0000   0.0000   0.0000  34.0622  34.0595  34.0529  34.0582  34.0609  34.0526
   0.0000   0.0000   0.0000  34.0622  34.0595  34.0529  34.0582  34.0611  34.0526
   0.0000   0.0000   0.0000  34.0622  34.0595  34.0533  34.0582  34.0611  34.0527
   0.0000   0.0000   0.0000  34.0623  34.0596  34.0535  34.0582  34.0612  34.0527
   0.0000   0.0000   0.0000  34.0623  34.0597  34.0536  34.0582  34.0615  34.0527
   0.0000   0.0000   0.0000  34.0623  34.0599  34.0537  34.0583  34.0615  34.0527
   0.0000   0.0000   0.0000  34.0624  34.0602  34.0537  34.0583  34.0615  34.0528
   0.0000   0.0000   0.0000  34.0624  34.0603  34.0537  34.0585  34.0616  34.0528
   0.0000   0.0000   0.0000  34.0624  34.0603  34.0537  34.0585  34.0618  34.0528
   0.0000   0.0000   0.0000  34.0624  34.0603  34.0538  34.0589  34.0618  34.0528
   0.0000   0.0000   0.0000  34.0624  34.0603  34.0538  34.0589  34.0620  34.0528
   0.0000   0.0000   0.0000  34.0625  34.0603  34.0538  34.0590  34.0622  34.0528
   0.0000   0.0000   0.0000  34.0626  34.0603  34.0540  34.0591  34.0622  34.0530
   0.0000   0.0000   0.0000  34.0628  34.0605  34.0541  34.0593  34.0622  34.0530
   0.0000   0.0000   0.0000  34.0632  34.0609  34.0541  34.0593  34.0622  34.0531
   0.0000   0.0000   0.0000  34.0632  34.0612  34.0542  34.0594  34.0622  34.0531
   0.0000   0.0000   0.0000  34.0633  34.0614  34.0547  34.0594  34.0623  34.0531
   0.0000   0.0000   0.0000  34.0634  34.0615  34.0548  34.0595  34.0625  34.0532
   0.0000   0.0000   0.0000  34.0634  34.0615  34.0548  34.0596  34.0625  34.0535
   0.0000   0.0000   0.0000  34.0634  34.0616  34.0549  34.0600  34.0626  34.0540
   0.0000   0.0000   0.0000  34.0634  34.0618  34.0549  34.0600  34.0627  34.0540
   0.0000   0.0000   0.0000  34.0634  34.0618  34.0549  34.0600  34.0627  34.0541
   0.0000   0.0000   0.0000  34.0635  34.0621  34.0550  34.0601  34.0627  34.0541
   0.0000   0.0000   0.0000  34.0636  34.0621  34.0551  34.0601  34.0627  34.0542
   0.0000   0.0000   0.0000  34.0636  34.0622  34.0554  34.0601  34.0628  34.0542
   0.0000   0.0000   0.0000  34.0637  34.0622  34.0555  34.0602  34.0628  34.0543
   0.0000   0.0000   0.0000  34.0637  34.0622  34.0556  34.0602  34.0629  34.0544
   0.0000   0.0000   0.0000  34.0638  34.0622  34.0558  34.0604  34.0629  34.0545
   0.0000   0.0000   0.0000  34.0638  34.0623  34.0558  34.0604  34.0629  34.0545
   0.0000   0.0000   0.0000  34.0638  34.0624  34.0558  34.0604  34.0629  34.0545
   0.0000   0.0000   0.0000  34.0639  34.0624  34.0559  34.0606  34.0629  34.0545
   0.0000   0.0000   0.0000  34.0640  34.0624  34.0559  34.0606  34.0630  34.0547
   0.0000   0.0000   0.0000  34.0641  34.0627  34.0559  34.0606  34.0630  34.0547
   0.0000   0.0000   0.0000  34.0642  34.0628  34.0559  34.0607  34.0631  34.0547
   0.0000   0.0000   0.0000  34.0643  34.0628  34.0560  34.0607  34.0631  34.0550
   0.0000   0.0000   0.0000  34.0643  34.0629  34.0560  34.0608  34.0632  34.0551
   0.0000   0.0000   0.0000  34.0646  34.0629  34.0560  34.0608  34.0632  34.0553
   0.0000   0.0000   0.0000  34.0646  34.0630  34.0560  34.0608  34.0633  34.0553
   0.0000   0.0000   0.0000  34.0646  34.0630  34.0560  34.0610  34.0634  34.0553
   0.0000   0.0000   0.0000  34.0646  34.0630  34.0561  34.0611  34.0634  34.0553
   0.0000   0.0000   0.0000  34.0646  34.0630  34.0561  34.0611  34.0635  34.0553
   0.0000   0.0000   0.0000  34.0646  34.0630  34.0561  34.0614  34.0635   0.0000
   0.0000   0.0000   0.0000  34.0646  34.0631  34.0561  34.0614  34.0637   0.0000
   0.0000   0.0000   0.0000  34.0647  34.0631  34.0561  34.0614  34.0637   0.0000
   0.0000   0.0000   0.0000  34.0649  34.0631  34.0561  34.0614  34.0637   0.0000
   0.0000   0.0000   0.0000  34.0650  34.0631  34.0561  34.0614   0.0000   0.0000
   0.0000   0.0000   0.0000  34.0650  34.0631  34.0561   0.0000   0.0000   0.0000
   0.0000   0.0000   0.0000  34.0650   0.0000   0.0000   0.0000   0.0000   0.0000
   0.0000   0.0000   0.0000  34.0650   0.0000   0.0000   0.0000   0.0000   0.0000
   0.0000   0.0000   0.0000  34.0650   0.0000   0.0000   0.0000   0.0000   0.0000
   0.0000   0.0000   0.0000  34.0650   0.0000   0.0000   0.0000   0.0000   0.0000
   0.0000   0.0000   0.0000  34.0650   0.0000   0.0000   0.0000   0.0000   0.0000
   0.0000   0.0000   0.0000  34.0650   0.0000   0.0000   0.0000   0.0000   0.0000
   0.0000   0.0000   0.0000   0.0000   0.0000   0.0000   0.0000   0.0000   0.0000
   0.0000   0.0000   0.0000   0.0000   0.0000   0.0000   0.0000   0.0000   0.0000
   0.0000   0.0000   0.0000   0.0000   0.0000   0.0000   0.0000   0.0000   0.0000
   0.0000   0.0000   0.0000   0.0000   0.0000   0.0000   0.0000   0.0000   0.0000
   0.0000   0.0000   0.0000   0.0000   0.0000   0.0000   0.0000   0.0000   0.0000
   0.0000   0.0000   0.0000   0.0000   0.0000   0.0000   0.0000   0.0000   0.0000
   0.0000   0.0000   0.0000   0.0000   0.0000   0.0000   0.0000   0.0000   0.0000
   0.0000   0.0000   0.0000   0.0000   0.0000   0.0000   0.0000   0.0000   0.0000
   0.0000   0.0000   0.0000   0.0000   0.0000   0.0000   0.0000   0.0000   0.0000
   0.0000   0.0000   0.0000   0.0000   0.0000   0.0000   0.0000   0.0000   0.0000
   0.0000   0.0000   0.0000   0.0000   0.0000   0.0000   0.0000   0.0000   0.0000
   0.0000   0.0000   0.0000   0.0000   0.0000   0.0000   0.0000   0.0000   0.0000
   0.0000   0.0000   0.0000   0.0000   0.0000   0.0000   0.0000   0.0000   0.0000
   0.0000   0.0000   0.0000   0.0000   0.0000   0.0000   0.0000   0.0000   0.0000
   0.0000   0.0000   0.0000   0.0000   0.0000   0.0000   0.0000   0.0000   0.0000
   0.0000   0.0000   0.0000   0.0000   0.0000   0.0000   0.0000   0.0000   0.0000
   0.0000   0.0000   0.0000   0.0000   0.0000   0.0000   0.0000   0.0000   0.0000
   0.0000   0.0000   0.0000   0.0000   0.0000   0.0000   0.0000   0.0000   0.0000
   0.0000   0.0000   0.0000   0.0000   0.0000   0.0000   0.0000   0.0000   0.0000
   0.0000   0.0000   0.0000   0.0000   0.0000   0.0000   0.0000   0.0000   0.0000
   0.0000   0.0000   0.0000   0.0000   0.0000   0.0000   0.0000   0.0000   0.0000
   0.0000   0.0000   0.0000   0.0000   0.0000   0.0000   0.0000   0.0000   0.0000
   0.0000   0.0000   0.0000   0.0000   0.0000   0.0000   0.0000   0.0000   0.0000
   0.0000   0.0000   0.0000   0.0000   0.0000   0.0000   0.0000   0.0000   0.0000
   0.0000   0.0000   0.0000   0.0000   0.0000   0.0000   0.0000   0.0000   0.0000
   0.0000   0.0000   0.0000   0.0000   0.0000   0.0000   0.0000   0.0000   0.0000
   0.0000   0.0000   0.0000   0.0000   0.0000   0.0000   0.0000   0.0000   0.0000
   0.0000   0.0000   0.0000   0.0000   0.0000   0.0000   0.0000   0.0000   0.0000
   0.0000   0.0000   0.0000   0.0000   0.0000   0.0000   0.0000   0.0000   0.0000
   0.0000   0.0000   0.0000   0.0000   0.0000   0.0000   0.0000   0.0000   0.0000
   0.0000   0.0000   0.0000   0.0000   0.0000   0.0000   0.0000   0.0000   0.0000
   0.0000   0.0000   0.0000   0.0000   0.0000   0.0000   0.0000   0.0000   0.0000
   0.0000   0.0000   0.0000   0.0000   0.0000   0.0000   0.0000   0.0000   0.0000
   0.0000   0.0000   0.0000   0.0000   0.0000   0.0000   0.0000   0.0000   0.0000
   0.0000   0.0000   0.0000   0.0000   0.0000   0.0000   0.0000   0.0000   0.0000
   0.0000   0.0000   0.0000   0.0000   0.0000   0.0000   0.0000   0.0000   0.0000
   0.0000   0.0000   0.0000   0.0000   0.0000   0.0000   0.0000   0.0000   0.0000
   0.0000   0.0000   0.0000   0.0000   0.0000   0.0000   0.0000   0.0000   0.0000
   0.0000   0.0000   0.0000   0.0000   0.0000   0.0000   0.0000   0.0000   0.0000
   0.0000   0.0000   0.0000   0.0000   0.0000   0.0000   0.0000   0.0000   0.0000
   0.0000   0.0000   0.0000   0.0000   0.0000   0.0000   0.0000   0.0000   0.0000
   0.0000   0.0000   0.0000   0.0000   0.0000   0.0000   0.0000   0.0000   0.0000
   0.0000   0.0000   0.0000   0.0000   0.0000   0.0000   0.0000   0.0000   0.0000
   0.0000   0.0000   0.0000   0.0000   0.0000   0.0000   0.0000   0.0000   0.0000
   0.0000   0.0000   0.0000   0.0000   0.0000   0.0000   0.0000   0.0000   0.0000
   0.0000   0.0000   0.0000   0.0000   0.0000   0.0000   0.0000   0.0000   0.0000
   0.0000   0.0000   0.0000   0.0000   0.0000   0.0000   0.0000   0.0000   0.0000
   0.0000   0.0000   0.0000   0.0000   0.0000   0.0000   0.0000   0.0000   0.0000
   0.0000   0.0000   0.0000   0.0000   0.0000   0.0000   0.0000   0.0000   0.0000
   0.0000   0.0000   0.0000   0.0000   0.0000   0.0000   0.0000   0.0000   0.0000
   0.0000   0.0000   0.0000   0.0000   0.0000   0.0000   0.0000   0.0000   0.0000
   0.0000   0.0000   0.0000   0.0000   0.0000   0.0000   0.0000   0.0000   0.0000
   0.0000   0.0000   0.0000   0.0000   0.0000   0.0000   0.0000   0.0000   0.0000
   0.0000   0.0000   0.0000   0.0000   0.0000   0.0000   0.0000   0.0000   0.0000
   0.0000   0.0000   0.0000   0.0000   0.0000   0.0000   0.0000   0.0000   0.0000
   0.0000   0.0000   0.0000   0.0000   0.0000   0.0000   0.0000   0.0000   0.0000
   0.0000   0.0000   0.0000   0.0000   0.0000   0.0000   0.0000   0.0000   0.0000
   0.0000   0.0000   0.0000   0.0000   0.0000   0.0000   0.0000   0.0000   0.0000
   0.0000   0.0000   0.0000   0.0000   0.0000   0.0000   0.0000   0.0000   0.0000
   0.0000   0.0000   0.0000   0.0000   0.0000   0.0000   0.0000   0.0000   0.0000
   0.0000   0.0000   0.0000   0.0000   0.0000   0.0000   0.0000   0.0000   0.0000
   0.0000   0.0000   0.0000   0.0000   0.0000   0.0000   0.0000   0.0000   0.0000
   0.0000   0.0000   0.0000   0.0000   0.0000   0.0000   0.0000   0.0000   0.0000
   0.0000   0.0000   0.0000   0.0000   0.0000   0.0000   0.0000   0.0000   0.0000
   0.0000   0.0000   0.0000   0.0000   0.0000   0.0000   0.0000   0.0000   0.0000
   0.0000   0.0000   0.0000   0.0000   0.0000   0.0000   0.0000   0.0000   0.0000
   0.0000   0.0000   0.0000   0.0000   0.0000   0.0000   0.0000   0.0000   0.0000
   0.0000   0.0000   0.0000   0.0000   0.0000   0.0000   0.0000   0.0000   0.0000
   0.0000   0.0000   0.0000   0.0000   0.0000   0.0000   0.0000   0.0000   0.0000
   0.0000   0.0000   0.0000   0.0000   0.0000   0.0000   0.0000   0.0000   0.0000
   0.0000   0.0000   0.0000   0.0000   0.0000   0.0000   0.0000   0.0000   0.0000
   0.0000   0.0000   0.0000   0.0000   0.0000   0.0000   0.0000   0.0000   0.0000
   0.0000   0.0000   0.0000   0.0000   0.0000   0.0000   0.0000   0.0000   0.0000
   0.0000   0.0000   0.0000   0.0000   0.0000   0.0000   0.0000   0.0000   0.0000
   0.0000   0.0000   0.0000   0.0000   0.0000   0.0000   0.0000   0.0000   0.0000
   0.0000   0.0000   0.0000   0.0000   0.0000   0.0000   0.0000   0.0000   0.0000
   0.0000   0.0000   0.0000   0.0000   0.0000   0.0000   0.0000   0.0000   0.0000
   0.0000   0.0000   0.0000   0.0000   0.0000   0.0000   0.0000   0.0000   0.0000
   0.0000   0.0000   0.0000   0.0000   0.0000   0.0000   0.0000   0.0000   0.0000
   0.0000   0.0000   0.0000   0.0000   0.0000   0.0000   0.0000   0.0000   0.0000
   0.0000   0.0000   0.0000   0.0000   0.0000   0.0000   0.0000   0.0000   0.0000
   0.0000   0.0000   0.0000   0.0000   0.0000   0.0000   0.0000   0.0000   0.0000
   0.0000   0.0000   0.0000   0.0000   0.0000   0.0000   0.0000   0.0000   0.0000
   0.0000   0.0000   0.0000   0.0000   0.0000   0.0000   0.0000   0.0000   0.0000
   0.0000   0.0000   0.0000   0.0000   0.0000   0.0000   0.0000   0.0000   0.0000
   0.0000   0.0000   0.0000   0.0000   0.0000   0.0000   0.0000   0.0000   0.0000
   0.0000   0.0000   0.0000   0.0000   0.0000   0.0000   0.0000   0.0000   0.0000
   0.0000   0.0000   0.0000   0.0000   0.0000   0.0000   0.0000   0.0000   0.0000
   0.0000   0.0000   0.0000   0.0000   0.0000   0.0000   0.0000   0.0000   0.0000
   0.0000   0.0000   0.0000   0.0000   0.0000   0.0000   0.0000   0.0000   0.0000
   0.0000   0.0000   0.0000   0.0000   0.0000   0.0000   0.0000   0.0000   0.0000
   0.0000   0.0000   0.0000   0.0000   0.0000   0.0000   0.0000   0.0000   0.0000
   0.0000   0.0000   0.0000   0.0000   0.0000   0.0000   0.0000   0.0000   0.0000
   0.0000   0.0000   0.0000   0.0000   0.0000   0.0000   0.0000   0.0000   0.0000
   0.0000   0.0000   0.0000   0.0000   0.0000   0.0000   0.0000   0.0000   0.0000
   0.0000   0.0000   0.0000   0.0000   0.0000   0.0000   0.0000   0.0000   0.0000
   0.0000   0.0000   0.0000   0.0000   0.0000   0.0000   0.0000   0.0000   0.0000
   0.0000   0.0000   0.0000   0.0000   0.0000   0.0000   0.0000   0.0000   0.0000
   0.0000   0.0000   0.0000   0.0000   0.0000   0.0000   0.0000   0.0000   0.0000
   0.0000   0.0000   0.0000   0.0000   0.0000   0.0000   0.0000   0.0000   0.0000
   0.0000   0.0000   0.0000   0.0000   0.0000   0.0000   0.0000   0.0000   0.0000
   0.0000   0.0000   0.0000   0.0000   0.0000   0.0000   0.0000   0.0000   0.0000
   0.0000   0.0000   0.0000   0.0000   0.0000   0.0000   0.0000   0.0000   0.0000
   0.0000   0.0000   0.0000   0.0000   0.0000   0.0000   0.0000   0.0000   0.0000
   0.0000   0.0000   0.0000   0.0000   0.0000   0.0000   0.0000   0.0000   0.0000
   0.0000   0.0000   0.0000   0.0000   0.0000   0.0000   0.0000   0.0000   0.0000
   0.0000   0.0000   0.0000   0.0000   0.0000   0.0000   0.0000   0.0000   0.0000
   0.0000   0.0000   0.0000   0.0000   0.0000   0.0000   0.0000   0.0000   0.0000
   0.0000   0.0000   0.0000   0.0000   0.0000   0.0000   0.0000   0.0000   0.0000
   0.0000   0.0000   0.0000   0.0000   0.0000   0.0000   0.0000   0.0000   0.0000
   0.0000   0.0000   0.0000   0.0000   0.0000   0.0000   0.0000   0.0000   0.0000
   0.0000   0.0000   0.0000   0.0000   0.0000   0.0000   0.0000   0.0000   0.0000
   0.0000   0.0000   0.0000   0.0000   0.0000   0.0000   0.0000   0.0000   0.0000
   0.0000   0.0000   0.0000   0.0000   0.0000   0.0000   0.0000   0.0000   0.0000
   0.0000   0.0000   0.0000   0.0000   0.0000   0.0000   0.0000   0.0000   0.0000
   0.0000   0.0000   0.0000   0.0000   0.0000   0.0000   0.0000   0.0000   0.0000
   0.0000   0.0000   0.0000   0.0000   0.0000   0.0000   0.0000   0.0000   0.0000
   0.0000   0.0000   0.0000   0.0000   0.0000   0.0000   0.0000   0.0000   0.0000
   0.0000   0.0000   0.0000   0.0000   0.0000   0.0000   0.0000   0.0000   0.0000
   0.0000   0.0000   0.0000   0.0000   0.0000   0.0000   0.0000   0.0000   0.0000
   0.0000   0.0000   0.0000   0.0000   0.0000   0.0000   0.0000   0.0000   0.0000
   0.0000   0.0000   0.0000   0.0000   0.0000   0.0000   0.0000   0.0000   0.0000
   0.0000   0.0000   0.0000   0.0000   0.0000   0.0000   0.0000   0.0000   0.0000
   0.0000   0.0000   0.0000   0.0000   0.0000   0.0000   0.0000   0.0000   0.0000
   0.0000   0.0000   0.0000   0.0000   0.0000   0.0000   0.0000   0.0000   0.0000
   0.0000   0.0000   0.0000   0.0000   0.0000   0.0000   0.0000   0.0000   0.0000
   0.0000   0.0000   0.0000   0.0000   0.0000   0.0000   0.0000   0.0000   0.0000
   0.0000   0.0000   0.0000   0.0000   0.0000   0.0000   0.0000   0.0000   0.0000
   0.0000   0.0000   0.0000   0.0000   0.0000   0.0000   0.0000   0.0000   0.0000
   0.0000   0.0000   0.0000   0.0000   0.0000   0.0000   0.0000   0.0000   0.0000
   0.0000   0.0000   0.0000   0.0000   0.0000   0.0000   0.0000   0.0000   0.0000
   0.0000   0.0000   0.0000   0.0000   0.0000   0.0000   0.0000   0.0000   0.0000
   0.0000   0.0000   0.0000   0.0000   0.0000   0.0000   0.0000   0.0000   0.0000
   0.0000   0.0000   0.0000   0.0000   0.0000   0.0000   0.0000   0.0000   0.0000
   0.0000   0.0000   0.0000   0.0000   0.0000   0.0000   0.0000   0.0000   0.0000
   0.0000   0.0000   0.0000   0.0000   0.0000   0.0000   0.0000   0.0000   0.0000
   0.0000   0.0000   0.0000   0.0000   0.0000   0.0000   0.0000   0.0000   0.0000
   0.0000   0.0000   0.0000   0.0000   0.0000   0.0000   0.0000   0.0000   0.0000
   0.0000   0.0000   0.0000   0.0000   0.0000   0.0000   0.0000   0.0000   0.0000
   0.0000   0.0000   0.0000   0.0000   0.0000   0.0000   0.0000   0.0000   0.0000
   0.0000   0.0000   0.0000   0.0000   0.0000   0.0000   0.0000   0.0000   0.0000
   0.0000   0.0000   0.0000   0.0000   0.0000   0.0000   0.0000   0.0000   0.0000
   0.0000   0.0000   0.0000   0.0000   0.0000   0.0000   0.0000   0.0000   0.0000
   0.0000   0.0000   0.0000   0.0000   0.0000   0.0000   0.0000   0.0000   0.0000
   0.0000   0.0000   0.0000   0.0000   0.0000   0.0000   0.0000   0.0000   0.0000
   0.0000   0.0000   0.0000   0.0000   0.0000   0.0000   0.0000   0.0000   0.0000
   0.0000   0.0000   0.0000   0.0000   0.0000   0.0000   0.0000   0.0000   0.0000
   0.0000   0.0000   0.0000   0.0000   0.0000   0.0000   0.0000   0.0000   0.0000
   0.0000   0.0000   0.0000   0.0000   0.0000   0.0000   0.0000   0.0000   0.0000
   0.0000   0.0000   0.0000   0.0000   0.0000   0.0000   0.0000   0.0000   0.0000
   0.0000   0.0000   0.0000   0.0000   0.0000   0.0000   0.0000   0.0000   0.0000
   0.0000   0.0000   0.0000   0.0000   0.0000   0.0000   0.0000   0.0000   0.0000
   0.0000   0.0000   0.0000   0.0000   0.0000   0.0000   0.0000   0.0000   0.0000
   0.0000   0.0000   0.0000   0.0000   0.0000   0.0000   0.0000   0.0000   0.0000
   0.0000   0.0000   0.0000   0.0000   0.0000   0.0000   0.0000   0.0000   0.0000
   0.0000   0.0000   0.0000   0.0000   0.0000   0.0000   0.0000   0.0000   0.0000
   0.0000   0.0000   0.0000   0.0000   0.0000   0.0000   0.0000   0.0000   0.0000
   0.0000   0.0000   0.0000   0.0000   0.0000   0.0000   0.0000   0.0000   0.0000
   0.0000   0.0000   0.0000   0.0000   0.0000   0.0000   0.0000   0.0000   0.0000
   0.0000   0.0000   0.0000   0.0000   0.0000   0.0000   0.0000   0.0000   0.0000
   0.0000   0.0000   0.0000   0.0000   0.0000   0.0000   0.0000   0.0000   0.0000
   0.0000   0.0000   0.0000   0.0000   0.0000   0.0000   0.0000   0.0000   0.0000
   0.0000   0.0000   0.0000   0.0000   0.0000   0.0000   0.0000   0.0000   0.0000
   0.0000   0.0000   0.0000   0.0000   0.0000   0.0000   0.0000   0.0000   0.0000
   0.0000   0.0000   0.0000   0.0000   0.0000   0.0000   0.0000   0.0000   0.0000
   0.0000   0.0000   0.0000   0.0000   0.0000   0.0000   0.0000   0.0000   0.0000
   0.0000   0.0000   0.0000   0.0000   0.0000   0.0000   0.0000   0.0000   0.0000
   0.0000   0.0000   0.0000   0.0000   0.0000   0.0000   0.0000   0.0000   0.0000
   0.0000   0.0000   0.0000   0.0000   0.0000   0.0000   0.0000   0.0000   0.0000
   0.0000   0.0000   0.0000   0.0000   0.0000   0.0000   0.0000   0.0000   0.0000
   0.0000   0.0000   0.0000   0.0000   0.0000   0.0000   0.0000   0.0000   0.0000
   0.0000   0.0000   0.0000   0.0000   0.0000   0.0000   0.0000   0.0000   0.0000
   0.0000   0.0000   0.0000   0.0000   0.0000   0.0000   0.0000   0.0000   0.0000
   0.0000   0.0000   0.0000   0.0000   0.0000   0.0000   0.0000   0.0000   0.0000
   0.0000   0.0000   0.0000   0.0000   0.0000   0.0000   0.0000   0.0000   0.0000
   0.0000   0.0000   0.0000   0.0000   0.0000   0.0000   0.0000   0.0000   0.0000
   0.0000   0.0000   0.0000   0.0000   0.0000   0.0000   0.0000   0.0000   0.0000
   0.0000   0.0000   0.0000   0.0000   0.0000   0.0000   0.0000   0.0000   0.0000
   0.0000   0.0000   0.0000   0.0000   0.0000   0.0000   0.0000   0.0000   0.0000
   0.0000   0.0000   0.0000   0.0000   0.0000   0.0000   0.0000   0.0000   0.0000
   0.0000   0.0000   0.0000   0.0000   0.0000   0.0000   0.0000   0.0000   0.0000
   0.0000   0.0000   0.0000   0.0000   0.0000   0.0000   0.0000   0.0000   0.0000
   0.0000   0.0000   0.0000   0.0000   0.0000   0.0000   0.0000   0.0000   0.0000
   0.0000   0.0000   0.0000   0.0000   0.0000   0.0000   0.0000   0.0000   0.0000
   0.0000   0.0000   0.0000   0.0000   0.0000   0.0000   0.0000   0.0000   0.0000
   0.0000   0.0000   0.0000   0.0000   0.0000   0.0000   0.0000   0.0000   0.0000
   0.0000   0.0000   0.0000   0.0000   0.0000   0.0000   0.0000   0.0000   0.0000
   0.0000   0.0000   0.0000   0.0000   0.0000   0.0000   0.0000   0.0000   0.0000
   0.0000   0.0000   0.0000   0.0000   0.0000   0.0000   0.0000   0.0000   0.0000
   0.0000   0.0000   0.0000   0.0000   0.0000   0.0000   0.0000   0.0000   0.0000
   0.0000   0.0000   0.0000   0.0000   0.0000   0.0000   0.0000   0.0000   0.0000
   0.0000   0.0000   0.0000   0.0000   0.0000   0.0000   0.0000   0.0000   0.0000
   0.0000   0.0000   0.0000   0.0000   0.0000   0.0000   0.0000   0.0000   0.0000
   0.0000   0.0000   0.0000   0.0000   0.0000   0.0000   0.0000   0.0000   0.0000
   0.0000   0.0000   0.0000   0.0000   0.0000   0.0000   0.0000   0.0000   0.0000
   0.0000   0.0000   0.0000   0.0000   0.0000   0.0000   0.0000   0.0000   0.0000
   0.0000   0.0000   0.0000   0.0000   0.0000   0.0000   0.0000   0.0000   0.0000
   0.0000   0.0000   0.0000   0.0000   0.0000   0.0000   0.0000   0.0000   0.0000
   0.0000   0.0000   0.0000   0.0000   0.0000   0.0000   0.0000   0.0000   0.0000
   0.0000   0.0000   0.0000   0.0000   0.0000   0.0000   0.0000   0.0000   0.0000
   0.0000   0.0000   0.0000   0.0000   0.0000   0.0000   0.0000   0.0000   0.0000
   0.0000   0.0000   0.0000   0.0000   0.0000   0.0000   0.0000   0.0000   0.0000
   0.0000   0.0000   0.0000   0.0000   0.0000   0.0000   0.0000   0.0000   0.0000
   0.0000   0.0000   0.0000   0.0000   0.0000   0.0000   0.0000   0.0000   0.0000
   0.0000   0.0000   0.0000   0.0000   0.0000   0.0000   0.0000   0.0000   0.0000
   0.0000   0.0000   0.0000   0.0000   0.0000   0.0000   0.0000   0.0000   0.0000
   0.0000   0.0000   0.0000   0.0000   0.0000   0.0000   0.0000   0.0000   0.0000
   0.0000   0.0000   0.0000   0.0000   0.0000   0.0000   0.0000   0.0000   0.0000
   0.0000   0.0000   0.0000   0.0000   0.0000   0.0000   0.0000   0.0000   0.0000
   0.0000   0.0000   0.0000   0.0000   0.0000   0.0000   0.0000   0.0000   0.0000
   0.0000   0.0000   0.0000   0.0000   0.0000   0.0000   0.0000   0.0000   0.0000
   0.0000   0.0000   0.0000   0.0000   0.0000   0.0000   0.0000   0.0000   0.0000
   0.0000   0.0000   0.0000   0.0000   0.0000   0.0000   0.0000   0.0000   0.0000
   0.0000   0.0000   0.0000   0.0000   0.0000   0.0000   0.0000   0.0000   0.0000
   0.0000   0.0000   0.0000   0.0000   0.0000   0.0000   0.0000   0.0000   0.0000
   0.0000   0.0000   0.0000   0.0000   0.0000   0.0000   0.0000   0.0000   0.0000
   0.0000   0.0000   0.0000   0.0000   0.0000   0.0000   0.0000   0.0000   0.0000
   0.0000   0.0000   0.0000   0.0000   0.0000   0.0000   0.0000   0.0000   0.0000
   0.0000   0.0000   0.0000   0.0000   0.0000   0.0000   0.0000   0.0000   0.0000
   0.0000   0.0000   0.0000   0.0000   0.0000   0.0000   0.0000   0.0000   0.0000
   0.0000   0.0000   0.0000   0.0000   0.0000   0.0000   0.0000   0.0000   0.0000
   0.0000   0.0000   0.0000   0.0000   0.0000   0.0000   0.0000   0.0000   0.0000
   0.0000   0.0000   0.0000   0.0000   0.0000   0.0000   0.0000   0.0000   0.0000
   0.0000   0.0000   0.0000   0.0000   0.0000   0.0000   0.0000   0.0000   0.0000
   0.0000   0.0000   0.0000   0.0000   0.0000   0.0000   0.0000   0.0000   0.0000
   0.0000   0.0000   0.0000   0.0000   0.0000   0.0000   0.0000   0.0000   0.0000
   0.0000   0.0000   0.0000   0.0000   0.0000   0.0000   0.0000   0.0000   0.0000
   0.0000   0.0000   0.0000   0.0000   0.0000   0.0000   0.0000   0.0000   0.0000
   0.0000   0.0000   0.0000   0.0000   0.0000   0.0000   0.0000   0.0000   0.0000
   0.0000   0.0000   0.0000   0.0000   0.0000   0.0000   0.0000   0.0000   0.0000
   0.0000   0.0000   0.0000   0.0000   0.0000   0.0000   0.0000   0.0000   0.0000
   0.0000   0.0000   0.0000   0.0000   0.0000   0.0000   0.0000   0.0000   0.0000
   0.0000   0.0000   0.0000   0.0000   0.0000   0.0000   0.0000   0.0000   0.0000
   0.0000   0.0000   0.0000   0.0000   0.0000   0.0000   0.0000   0.0000   0.0000
   0.0000   0.0000   0.0000   0.0000   0.0000   0.0000   0.0000   0.0000   0.0000
   0.0000   0.0000   0.0000   0.0000   0.0000   0.0000   0.0000   0.0000   0.0000
   0.0000   0.0000   0.0000   0.0000   0.0000   0.0000   0.0000   0.0000   0.0000
   0.0000   0.0000   0.0000   0.0000   0.0000   0.0000   0.0000   0.0000   0.0000
   0.0000   0.0000   0.0000   0.0000   0.0000   0.0000   0.0000   0.0000   0.0000
   0.0000   0.0000   0.0000   0.0000   0.0000   0.0000   0.0000   0.0000   0.0000
   0.0000   0.0000   0.0000   0.0000   0.0000   0.0000   0.0000   0.0000   0.0000
   0.0000   0.0000   0.0000   0.0000   0.0000   0.0000   0.0000   0.0000   0.0000
   0.0000   0.0000   0.0000   0.0000   0.0000   0.0000   0.0000   0.0000   0.0000
   0.0000   0.0000   0.0000   0.0000   0.0000   0.0000   0.0000   0.0000   0.0000
   0.0000   0.0000   0.0000   0.0000   0.0000   0.0000   0.0000   0.0000   0.0000
   0.0000   0.0000   0.0000   0.0000   0.0000   0.0000   0.0000   0.0000   0.0000
   0.0000   0.0000   0.0000   0.0000   0.0000   0.0000   0.0000   0.0000   0.0000
   0.0000   0.0000   0.0000   0.0000   0.0000   0.0000   0.0000   0.0000   0.0000
   0.0000   0.0000   0.0000   0.0000   0.0000   0.0000   0.0000   0.0000   0.0000
   0.0000   0.0000   0.0000   0.0000   0.0000   0.0000   0.0000   0.0000   0.0000
   0.0000   0.0000   0.0000   0.0000   0.0000   0.0000   0.0000   0.0000   0.0000
   0.0000   0.0000   0.0000   0.0000   0.0000   0.0000   0.0000   0.0000   0.0000
   0.0000   0.0000   0.0000   0.0000   0.0000   0.0000   0.0000   0.0000   0.0000
   0.0000   0.0000   0.0000   0.0000   0.0000   0.0000   0.0000   0.0000   0.0000
   0.0000   0.0000   0.0000   0.0000   0.0000   0.0000   0.0000   0.0000   0.0000
   0.0000   0.0000   0.0000   0.0000   0.0000   0.0000   0.0000   0.0000   0.0000
   0.0000   0.0000   0.0000   0.0000   0.0000   0.0000   0.0000   0.0000   0.0000
   0.0000   0.0000   0.0000   0.0000   0.0000   0.0000   0.0000   0.0000   0.0000
   0.0000   0.0000   0.0000   0.0000   0.0000   0.0000   0.0000   0.0000   0.0000
   0.0000   0.0000   0.0000   0.0000   0.0000   0.0000   0.0000   0.0000   0.0000
   0.0000   0.0000   0.0000   0.0000   0.0000   0.0000   0.0000   0.0000   0.0000
   0.0000   0.0000   0.0000   0.0000   0.0000   0.0000   0.0000   0.0000   0.0000
   0.0000   0.0000   0.0000   0.0000   0.0000   0.0000   0.0000   0.0000   0.0000
   0.0000   0.0000   0.0000   0.0000   0.0000   0.0000   0.0000   0.0000   0.0000
   0.0000   0.0000   0.0000   0.0000   0.0000   0.0000   0.0000   0.0000   0.0000
   0.0000   0.0000   0.0000   0.0000   0.0000   0.0000   0.0000   0.0000   0.0000
   0.0000   0.0000   0.0000   0.0000   0.0000   0.0000   0.0000   0.0000   0.0000
   0.0000   0.0000   0.0000   0.0000   0.0000   0.0000   0.0000   0.0000   0.0000
   0.0000   0.0000   0.0000   0.0000   0.0000   0.0000   0.0000   0.0000   0.0000
   0.0000   0.0000   0.0000   0.0000   0.0000   0.0000   0.0000   0.0000   0.0000
   0.0000   0.0000   0.0000   0.0000   0.0000   0.0000   0.0000   0.0000   0.0000
   0.0000   0.0000   0.0000   0.0000   0.0000   0.0000   0.0000   0.0000   0.0000
   0.0000   0.0000   0.0000   0.0000   0.0000   0.0000   0.0000   0.0000   0.0000
   0.0000   0.0000   0.0000   0.0000   0.0000   0.0000   0.0000   0.0000   0.0000
   0.0000   0.0000   0.0000   0.0000   0.0000   0.0000   0.0000   0.0000   0.0000
   0.0000   0.0000   0.0000   0.0000   0.0000   0.0000   0.0000   0.0000   0.0000
   0.0000   0.0000   0.0000   0.0000   0.0000   0.0000   0.0000   0.0000   0.0000
   0.0000   0.0000   0.0000   0.0000   0.0000   0.0000   0.0000   0.0000   0.0000
   0.0000   0.0000   0.0000   0.0000   0.0000   0.0000   0.0000   0.0000   0.0000
   0.0000   0.0000   0.0000   0.0000   0.0000   0.0000   0.0000   0.0000   0.0000
   0.0000   0.0000   0.0000   0.0000   0.0000   0.0000   0.0000   0.0000   0.0000
   0.0000   0.0000   0.0000   0.0000   0.0000   0.0000   0.0000   0.0000   0.0000
   0.0000   0.0000   0.0000   0.0000   0.0000   0.0000   0.0000   0.0000   0.0000
   0.0000   0.0000   0.0000   0.0000   0.0000   0.0000   0.0000   0.0000   0.0000
   0.0000   0.0000   0.0000   0.0000   0.0000   0.0000   0.0000   0.0000   0.0000
   0.0000   0.0000   0.0000   0.0000   0.0000   0.0000   0.0000   0.0000   0.0000
   0.0000   0.0000   0.0000   0.0000   0.0000   0.0000   0.0000   0.0000   0.0000
   0.0000   0.0000   0.0000   0.0000   0.0000   0.0000   0.0000   0.0000   0.0000
   0.0000   0.0000   0.0000   0.0000   0.0000   0.0000   0.0000   0.0000   0.0000
   0.0000   0.0000   0.0000   0.0000   0.0000   0.0000   0.0000   0.0000   0.0000
   0.0000   0.0000   0.0000   0.0000   0.0000   0.0000   0.0000   0.0000   0.0000
   0.0000   0.0000   0.0000   0.0000   0.0000   0.0000   0.0000   0.0000   0.0000
   0.0000   0.0000   0.0000   0.0000   0.0000   0.0000   0.0000   0.0000   0.0000
   0.0000   0.0000   0.0000   0.0000   0.0000   0.0000   0.0000   0.0000   0.0000
   0.0000   0.0000   0.0000   0.0000   0.0000   0.0000   0.0000   0.0000   0.0000
   0.0000   0.0000   0.0000   0.0000   0.0000   0.0000   0.0000   0.0000   0.0000
   0.0000   0.0000   0.0000   0.0000   0.0000   0.0000   0.0000   0.0000   0.0000
   0.0000   0.0000   0.0000   0.0000   0.0000   0.0000   0.0000   0.0000   0.0000
   0.0000   0.0000   0.0000   0.0000   0.0000   0.0000   0.0000   0.0000   0.0000
   0.0000   0.0000   0.0000   0.0000   0.0000   0.0000   0.0000   0.0000   0.0000
   0.0000   0.0000   0.0000   0.0000   0.0000   0.0000   0.0000   0.0000   0.0000
   0.0000   0.0000   0.0000   0.0000   0.0000   0.0000   0.0000   0.0000   0.0000
   0.0000   0.0000   0.0000   0.0000   0.0000   0.0000   0.0000   0.0000   0.0000
   0.0000   0.0000   0.0000   0.0000   0.0000   0.0000   0.0000   0.0000   0.0000
   0.0000   0.0000   0.0000   0.0000   0.0000   0.0000   0.0000   0.0000   0.0000
   0.0000   0.0000   0.0000   0.0000   0.0000   0.0000   0.0000   0.0000   0.0000
   0.0000   0.0000   0.0000   0.0000   0.0000   0.0000   0.0000   0.0000   0.0000
   0.0000   0.0000   0.0000   0.0000   0.0000   0.0000   0.0000   0.0000   0.0000
   0.0000   0.0000   0.0000   0.0000   0.0000   0.0000   0.0000   0.0000   0.0000
   0.0000   0.0000   0.0000   0.0000   0.0000   0.0000   0.0000   0.0000   0.0000
   0.0000   0.0000   0.0000   0.0000   0.0000   0.0000   0.0000   0.0000   0.0000
   0.0000   0.0000   0.0000   0.0000   0.0000   0.0000   0.0000   0.0000   0.0000
   0.0000   0.0000   0.0000   0.0000   0.0000   0.0000   0.0000   0.0000   0.0000
   0.0000   0.0000   0.0000   0.0000   0.0000   0.0000   0.0000   0.0000   0.0000
   0.0000   0.0000   0.0000   0.0000   0.0000   0.0000   0.0000   0.0000   0.0000
   0.0000   0.0000   0.0000   0.0000   0.0000   0.0000   0.0000   0.0000   0.0000
   0.0000   0.0000   0.0000   0.0000   0.0000   0.0000   0.0000   0.0000   0.0000
   0.0000   0.0000   0.0000   0.0000   0.0000   0.0000   0.0000   0.0000   0.0000
   0.0000   0.0000   0.0000   0.0000   0.0000   0.0000   0.0000   0.0000   0.0000
   0.0000   0.0000   0.0000   0.0000   0.0000   0.0000   0.0000   0.0000   0.0000
   0.0000   0.0000   0.0000   0.0000   0.0000   0.0000   0.0000   0.0000   0.0000
   0.0000   0.0000   0.0000   0.0000   0.0000   0.0000   0.0000   0.0000   0.0000
   0.0000   0.0000   0.0000   0.0000   0.0000   0.0000   0.0000   0.0000   0.0000
   0.0000   0.0000   0.0000   0.0000   0.0000   0.0000   0.0000   0.0000   0.0000
   0.0000   0.0000   0.0000   0.0000   0.0000   0.0000   0.0000   0.0000   0.0000
   0.0000   0.0000   0.0000   0.0000   0.0000   0.0000   0.0000   0.0000   0.0000
   0.0000   0.0000   0.0000   0.0000   0.0000   0.0000   0.0000   0.0000   0.0000
   0.0000   0.0000   0.0000   0.0000   0.0000   0.0000   0.0000   0.0000   0.0000
   0.0000   0.0000   0.0000   0.0000   0.0000   0.0000   0.0000   0.0000   0.0000
   0.0000   0.0000   0.0000   0.0000   0.0000   0.0000   0.0000   0.0000   0.0000
   0.0000   0.0000   0.0000   0.0000   0.0000   0.0000   0.0000   0.0000   0.0000
   0.0000   0.0000   0.0000   0.0000   0.0000   0.0000   0.0000   0.0000   0.0000
   0.0000   0.0000   0.0000   0.0000   0.0000   0.0000   0.0000   0.0000   0.0000
   0.0000   0.0000   0.0000   0.0000   0.0000   0.0000   0.0000   0.0000   0.0000
   0.0000   0.0000   0.0000   0.0000   0.0000   0.0000   0.0000   0.0000   0.0000
   0.0000   0.0000   0.0000   0.0000   0.0000   0.0000   0.0000   0.0000   0.0000
   0.0000   0.0000   0.0000   0.0000   0.0000   0.0000   0.0000   0.0000   0.0000
   0.0000   0.0000   0.0000   0.0000   0.0000   0.0000   0.0000   0.0000   0.0000
   0.0000   0.0000   0.0000   0.0000   0.0000   0.0000   0.0000   0.0000   0.0000
   0.0000   0.0000   0.0000   0.0000   0.0000   0.0000   0.0000   0.0000   0.0000
   0.0000   0.0000   0.0000   0.0000   0.0000   0.0000   0.0000   0.0000   0.0000
   0.0000   0.0000   0.0000   0.0000   0.0000   0.0000   0.0000   0.0000   0.0000
   0.0000   0.0000   0.0000   0.0000   0.0000   0.0000   0.0000   0.0000   0.0000
   0.0000   0.0000   0.0000   0.0000   0.0000   0.0000   0.0000   0.0000   0.0000
   0.0000   0.0000   0.0000   0.0000   0.0000   0.0000   0.0000   0.0000   0.0000
   0.0000   0.0000   0.0000   0.0000   0.0000   0.0000   0.0000   0.0000   0.0000
   0.0000   0.0000   0.0000   0.0000   0.0000   0.0000   0.0000   0.0000   0.0000
   0.0000   0.0000   0.0000   0.0000   0.0000   0.0000   0.0000   0.0000   0.0000
   0.0000   0.0000   0.0000   0.0000   0.0000   0.0000   0.0000   0.0000   0.0000
   0.0000   0.0000   0.0000   0.0000   0.0000   0.0000   0.0000   0.0000   0.0000
   0.0000   0.0000   0.0000   0.0000   0.0000   0.0000   0.0000   0.0000   0.0000
   0.0000   0.0000   0.0000   0.0000   0.0000   0.0000   0.0000   0.0000   0.0000
   0.0000   0.0000   0.0000   0.0000   0.0000   0.0000   0.0000   0.0000   0.0000
   0.0000   0.0000   0.0000   0.0000   0.0000   0.0000   0.0000   0.0000   0.0000
   0.0000   0.0000   0.0000   0.0000   0.0000   0.0000   0.0000   0.0000   0.0000
   0.0000   0.0000   0.0000   0.0000   0.0000   0.0000   0.0000   0.0000   0.0000
   0.0000   0.0000   0.0000   0.0000   0.0000   0.0000   0.0000   0.0000   0.0000
   0.0000   0.0000   0.0000   0.0000   0.0000   0.0000   0.0000   0.0000   0.0000
   0.0000   0.0000   0.0000   0.0000   0.0000   0.0000   0.0000   0.0000   0.0000
   0.0000   0.0000   0.0000   0.0000   0.0000   0.0000   0.0000   0.0000   0.0000
   0.0000   0.0000   0.0000   0.0000   0.0000   0.0000   0.0000   0.0000   0.0000
   0.0000   0.0000   0.0000   0.0000   0.0000   0.0000   0.0000   0.0000   0.0000
   0.0000   0.0000   0.0000   0.0000   0.0000   0.0000   0.0000   0.0000   0.0000
   0.0000   0.0000   0.0000   0.0000   0.0000   0.0000   0.0000   0.0000   0.0000
   0.0000   0.0000   0.0000   0.0000   0.0000   0.0000   0.0000   0.0000   0.0000
   0.0000   0.0000   0.0000   0.0000   0.0000   0.0000   0.0000   0.0000   0.0000
   0.0000   0.0000   0.0000   0.0000   0.0000   0.0000   0.0000   0.0000   0.0000
   0.0000   0.0000   0.0000   0.0000   0.0000   0.0000   0.0000   0.0000   0.0000
   0.0000   0.0000   0.0000   0.0000   0.0000   0.0000   0.0000   0.0000   0.0000
   0.0000   0.0000   0.0000   0.0000   0.0000   0.0000   0.0000   0.0000   0.0000
   0.0000   0.0000   0.0000   0.0000   0.0000   0.0000   0.0000   0.0000   0.0000
   0.0000   0.0000   0.0000   0.0000   0.0000   0.0000   0.0000   0.0000   0.0000
   0.0000   0.0000   0.0000   0.0000   0.0000   0.0000   0.0000   0.0000   0.0000
   0.0000   0.0000   0.0000   0.0000   0.0000   0.0000   0.0000   0.0000   0.0000
   0.0000   0.0000   0.0000   0.0000   0.0000   0.0000   0.0000   0.0000   0.0000
   0.0000   0.0000   0.0000   0.0000   0.0000   0.0000   0.0000   0.0000   0.0000
   0.0000   0.0000   0.0000   0.0000   0.0000   0.0000   0.0000   0.0000   0.0000
   0.0000   0.0000   0.0000   0.0000   0.0000   0.0000   0.0000   0.0000   0.0000
   0.0000   0.0000   0.0000   0.0000   0.0000   0.0000   0.0000   0.0000   0.0000
   0.0000   0.0000   0.0000   0.0000   0.0000   0.0000   0.0000   0.0000   0.0000
   0.0000   0.0000   0.0000   0.0000   0.0000   0.0000   0.0000   0.0000   0.0000
   0.0000   0.0000   0.0000   0.0000   0.0000   0.0000   0.0000   0.0000   0.0000
   0.0000   0.0000   0.0000   0.0000   0.0000   0.0000   0.0000   0.0000   0.0000
   0.0000   0.0000   0.0000   0.0000   0.0000   0.0000   0.0000   0.0000   0.0000
   0.0000   0.0000   0.0000   0.0000   0.0000   0.0000   0.0000   0.0000   0.0000
   0.0000   0.0000   0.0000   0.0000   0.0000   0.0000   0.0000   0.0000   0.0000
   0.0000   0.0000   0.0000   0.0000   0.0000   0.0000   0.0000   0.0000   0.0000
   0.0000   0.0000   0.0000   0.0000   0.0000   0.0000   0.0000   0.0000   0.0000
   0.0000   0.0000   0.0000   0.0000   0.0000   0.0000   0.0000   0.0000   0.0000
   0.0000   0.0000   0.0000   0.0000   0.0000   0.0000   0.0000   0.0000   0.0000
   0.0000   0.0000   0.0000   0.0000   0.0000   0.0000   0.0000   0.0000   0.0000
   0.0000   0.0000   0.0000   0.0000   0.0000   0.0000   0.0000   0.0000   0.0000
   0.0000   0.0000   0.0000   0.0000   0.0000   0.0000   0.0000   0.0000   0.0000
   0.0000   0.0000   0.0000   0.0000   0.0000   0.0000   0.0000   0.0000   0.0000
   0.0000   0.0000   0.0000   0.0000   0.0000   0.0000   0.0000   0.0000   0.0000
   0.0000   0.0000   0.0000   0.0000   0.0000   0.0000   0.0000   0.0000   0.0000
   0.0000   0.0000   0.0000   0.0000   0.0000   0.0000   0.0000   0.0000   0.0000
   0.0000   0.0000   0.0000   0.0000   0.0000   0.0000   0.0000   0.0000   0.0000
   0.0000   0.0000   0.0000   0.0000   0.0000   0.0000   0.0000   0.0000   0.0000
   0.0000   0.0000   0.0000   0.0000   0.0000   0.0000   0.0000   0.0000   0.0000
   0.0000   0.0000   0.0000   0.0000   0.0000   0.0000   0.0000   0.0000   0.0000
   0.0000   0.0000   0.0000   0.0000   0.0000   0.0000   0.0000   0.0000   0.0000
   0.0000   0.0000   0.0000   0.0000   0.0000   0.0000   0.0000   0.0000   0.0000
   0.0000   0.0000   0.0000   0.0000   0.0000   0.0000   0.0000   0.0000   0.0000
   0.0000   0.0000   0.0000   0.0000   0.0000   0.0000   0.0000   0.0000   0.0000
   0.0000   0.0000   0.0000   0.0000   0.0000   0.0000   0.0000   0.0000   0.0000
   0.0000   0.0000   0.0000   0.0000   0.0000   0.0000   0.0000   0.0000   0.0000
   0.0000   0.0000   0.0000   0.0000   0.0000   0.0000   0.0000   0.0000   0.0000
   0.0000   0.0000   0.0000   0.0000   0.0000   0.0000   0.0000   0.0000   0.0000
   0.0000   0.0000   0.0000   0.0000   0.0000   0.0000   0.0000   0.0000   0.0000
   0.0000   0.0000   0.0000   0.0000   0.0000   0.0000   0.0000   0.0000   0.0000
   0.0000   0.0000   0.0000   0.0000   0.0000   0.0000   0.0000   0.0000   0.0000
   0.0000   0.0000   0.0000   0.0000   0.0000   0.0000   0.0000   0.0000   0.0000
   0.0000   0.0000   0.0000   0.0000   0.0000   0.0000   0.0000   0.0000   0.0000
   0.0000   0.0000   0.0000   0.0000   0.0000   0.0000   0.0000   0.0000   0.0000
   0.0000   0.0000   0.0000   0.0000   0.0000   0.0000   0.0000   0.0000   0.0000
   0.0000   0.0000   0.0000   0.0000   0.0000   0.0000   0.0000   0.0000   0.0000
   0.0000   0.0000   0.0000   0.0000   0.0000   0.0000   0.0000   0.0000   0.0000
   0.0000   0.0000   0.0000   0.0000   0.0000   0.0000   0.0000   0.0000   0.0000
   0.0000   0.0000   0.0000   0.0000   0.0000   0.0000   0.0000   0.0000   0.0000
   0.0000   0.0000   0.0000   0.0000   0.0000   0.0000   0.0000   0.0000   0.0000
   0.0000   0.0000   0.0000   0.0000   0.0000   0.0000   0.0000   0.0000   0.0000
   0.0000   0.0000   0.0000   0.0000   0.0000   0.0000   0.0000   0.0000   0.0000
   0.0000   0.0000   0.0000   0.0000   0.0000   0.0000   0.0000   0.0000   0.0000
   0.0000   0.0000   0.0000   0.0000   0.0000   0.0000   0.0000   0.0000   0.0000
   0.0000   0.0000   0.0000   0.0000   0.0000   0.0000   0.0000   0.0000   0.0000
   0.0000   0.0000   0.0000   0.0000   0.0000   0.0000   0.0000   0.0000   0.0000
   0.0000   0.0000   0.0000   0.0000   0.0000   0.0000   0.0000   0.0000   0.0000
   0.0000   0.0000   0.0000   0.0000   0.0000   0.0000   0.0000   0.0000   0.0000
   0.0000   0.0000   0.0000   0.0000   0.0000   0.0000   0.0000   0.0000   0.0000
   0.0000   0.0000   0.0000   0.0000   0.0000   0.0000   0.0000   0.0000   0.0000
   0.0000   0.0000   0.0000   0.0000   0.0000   0.0000   0.0000   0.0000   0.0000
   0.0000   0.0000   0.0000   0.0000   0.0000   0.0000   0.0000   0.0000   0.0000
   0.0000   0.0000   0.0000   0.0000   0.0000   0.0000   0.0000   0.0000   0.0000
   0.0000   0.0000   0.0000   0.0000   0.0000   0.0000   0.0000   0.0000   0.0000
   0.0000   0.0000   0.0000   0.0000   0.0000   0.0000   0.0000   0.0000   0.0000
   0.0000   0.0000   0.0000   0.0000   0.0000   0.0000   0.0000   0.0000   0.0000
   0.0000   0.0000   0.0000   0.0000   0.0000   0.0000   0.0000   0.0000   0.0000
   0.0000   0.0000   0.0000   0.0000   0.0000   0.0000   0.0000   0.0000   0.0000
   0.0000   0.0000   0.0000   0.0000   0.0000   0.0000   0.0000   0.0000   0.0000
   0.0000   0.0000   0.0000   0.0000   0.0000   0.0000   0.0000   0.0000   0.0000
   0.0000   0.0000   0.0000   0.0000   0.0000   0.0000   0.0000   0.0000   0.0000
   0.0000   0.0000   0.0000   0.0000   0.0000   0.0000   0.0000   0.0000   0.0000
   0.0000   0.0000   0.0000   0.0000   0.0000   0.0000   0.0000   0.0000   0.0000
   0.0000   0.0000   0.0000   0.0000   0.0000   0.0000   0.0000   0.0000   0.0000
   0.0000   0.0000   0.0000   0.0000   0.0000   0.0000   0.0000   0.0000   0.0000
   0.0000   0.0000   0.0000   0.0000   0.0000   0.0000   0.0000   0.0000   0.0000
   0.0000   0.0000   0.0000   0.0000   0.0000   0.0000   0.0000   0.0000   0.0000
   0.0000   0.0000   0.0000   0.0000   0.0000   0.0000   0.0000   0.0000   0.0000
   0.0000   0.0000   0.0000   0.0000   0.0000   0.0000   0.0000   0.0000   0.0000
   0.0000   0.0000   0.0000   0.0000   0.0000   0.0000   0.0000   0.0000   0.0000
   0.0000   0.0000   0.0000   0.0000   0.0000   0.0000   0.0000   0.0000   0.0000
   0.0000   0.0000   0.0000   0.0000   0.0000   0.0000   0.0000   0.0000   0.0000
   0.0000   0.0000   0.0000   0.0000   0.0000   0.0000   0.0000   0.0000   0.0000
   0.0000   0.0000   0.0000   0.0000   0.0000   0.0000   0.0000   0.0000   0.0000
   0.0000   0.0000   0.0000   0.0000   0.0000   0.0000   0.0000   0.0000   0.0000
   0.0000   0.0000   0.0000   0.0000   0.0000   0.0000   0.0000   0.0000   0.0000
   0.0000   0.0000   0.0000   0.0000   0.0000   0.0000   0.0000   0.0000   0.0000
   0.0000   0.0000   0.0000   0.0000   0.0000   0.0000   0.0000   0.0000   0.0000
   0.0000   0.0000   0.0000   0.0000   0.0000   0.0000   0.0000   0.0000   0.0000
   0.0000   0.0000   0.0000   0.0000   0.0000   0.0000   0.0000   0.0000   0.0000
   0.0000   0.0000   0.0000   0.0000   0.0000   0.0000   0.0000   0.0000   0.0000
   0.0000   0.0000   0.0000   0.0000   0.0000   0.0000   0.0000   0.0000   0.0000
   0.0000   0.0000   0.0000   0.0000   0.0000   0.0000   0.0000   0.0000   0.0000
   0.0000   0.0000   0.0000   0.0000   0.0000   0.0000   0.0000   0.0000   0.0000
   0.0000   0.0000   0.0000   0.0000   0.0000   0.0000   0.0000   0.0000   0.0000
   0.0000   0.0000   0.0000   0.0000   0.0000   0.0000   0.0000   0.0000   0.0000
   0.0000   0.0000   0.0000   0.0000   0.0000   0.0000   0.0000   0.0000   0.0000
   0.0000   0.0000   0.0000   0.0000   0.0000   0.0000   0.0000   0.0000   0.0000
   0.0000   0.0000   0.0000   0.0000   0.0000   0.0000   0.0000   0.0000   0.0000
   0.0000   0.0000   0.0000   0.0000   0.0000   0.0000   0.0000   0.0000   0.0000
   0.0000   0.0000   0.0000   0.0000   0.0000   0.0000   0.0000   0.0000   0.0000
   0.0000   0.0000   0.0000   0.0000   0.0000   0.0000   0.0000   0.0000   0.0000
   0.0000   0.0000   0.0000   0.0000   0.0000   0.0000   0.0000   0.0000   0.0000
   0.0000   0.0000   0.0000   0.0000   0.0000   0.0000   0.0000   0.0000   0.0000
   0.0000   0.0000   0.0000   0.0000   0.0000   0.0000   0.0000   0.0000   0.0000
   0.0000   0.0000   0.0000   0.0000   0.0000   0.0000   0.0000   0.0000   0.0000
   0.0000   0.0000   0.0000   0.0000   0.0000   0.0000   0.0000   0.0000   0.0000
   0.0000   0.0000   0.0000   0.0000   0.0000   0.0000   0.0000   0.0000   0.0000
   0.0000   0.0000   0.0000   0.0000   0.0000   0.0000   0.0000   0.0000   0.0000
   0.0000   0.0000   0.0000   0.0000   0.0000   0.0000   0.0000   0.0000   0.0000
   0.0000   0.0000   0.0000   0.0000   0.0000   0.0000   0.0000   0.0000   0.0000
   0.0000   0.0000   0.0000   0.0000   0.0000   0.0000   0.0000   0.0000   0.0000
   0.0000   0.0000   0.0000   0.0000   0.0000   0.0000   0.0000   0.0000   0.0000
   0.0000   0.0000   0.0000   0.0000   0.0000   0.0000   0.0000   0.0000   0.0000
   0.0000   0.0000   0.0000   0.0000   0.0000   0.0000   0.0000   0.0000   0.0000
   0.0000   0.0000   0.0000   0.0000   0.0000   0.0000   0.0000   0.0000   0.0000
   0.0000   0.0000   0.0000   0.0000   0.0000   0.0000   0.0000   0.0000   0.0000
   0.0000   0.0000   0.0000   0.0000   0.0000   0.0000   0.0000   0.0000   0.0000
   0.0000   0.0000   0.0000   0.0000   0.0000   0.0000   0.0000   0.0000   0.0000
   0.0000   0.0000   0.0000   0.0000   0.0000   0.0000   0.0000   0.0000   0.0000
   0.0000   0.0000   0.0000   0.0000   0.0000   0.0000   0.0000   0.0000   0.0000
   0.0000   0.0000   0.0000   0.0000   0.0000   0.0000   0.0000   0.0000   0.0000
   0.0000   0.0000   0.0000   0.0000   0.0000   0.0000   0.0000   0.0000   0.0000
   0.0000   0.0000   0.0000   0.0000   0.0000   0.0000   0.0000   0.0000   0.0000
   0.0000   0.0000   0.0000   0.0000   0.0000   0.0000   0.0000   0.0000   0.0000
   0.0000   0.0000   0.0000   0.0000   0.0000   0.0000   0.0000   0.0000   0.0000
   0.0000   0.0000   0.0000   0.0000   0.0000   0.0000   0.0000   0.0000   0.0000
   0.0000   0.0000   0.0000   0.0000   0.0000   0.0000   0.0000   0.0000   0.0000
   0.0000   0.0000   0.0000   0.0000   0.0000   0.0000   0.0000   0.0000   0.0000
   0.0000   0.0000   0.0000   0.0000   0.0000   0.0000   0.0000   0.0000   0.0000
   0.0000   0.0000   0.0000   0.0000   0.0000   0.0000   0.0000   0.0000   0.0000
   0.0000   0.0000   0.0000   0.0000   0.0000   0.0000   0.0000   0.0000   0.0000
   0.0000   0.0000   0.0000   0.0000   0.0000   0.0000   0.0000   0.0000   0.0000
   0.0000   0.0000   0.0000   0.0000   0.0000   0.0000   0.0000   0.0000   0.0000
   0.0000   0.0000   0.0000   0.0000   0.0000   0.0000   0.0000   0.0000   0.0000
   0.0000   0.0000   0.0000   0.0000   0.0000   0.0000   0.0000   0.0000   0.0000
   0.0000   0.0000   0.0000   0.0000   0.0000   0.0000   0.0000   0.0000   0.0000
   0.0000   0.0000   0.0000   0.0000   0.0000   0.0000   0.0000   0.0000   0.0000
   0.0000   0.0000   0.0000   0.0000   0.0000   0.0000   0.0000   0.0000   0.0000
   0.0000   0.0000   0.0000   0.0000   0.0000   0.0000   0.0000   0.0000   0.0000
   0.0000   0.0000   0.0000   0.0000   0.0000   0.0000   0.0000   0.0000   0.0000
   0.0000   0.0000   0.0000   0.0000   0.0000   0.0000   0.0000   0.0000   0.0000
   0.0000   0.0000   0.0000   0.0000   0.0000   0.0000   0.0000   0.0000   0.0000
   0.0000   0.0000   0.0000   0.0000   0.0000   0.0000   0.0000   0.0000   0.0000
   0.0000   0.0000   0.0000   0.0000   0.0000   0.0000   0.0000   0.0000   0.0000
   0.0000   0.0000   0.0000   0.0000   0.0000   0.0000   0.0000   0.0000   0.0000
   0.0000   0.0000   0.0000   0.0000   0.0000   0.0000   0.0000   0.0000   0.0000
   0.0000   0.0000   0.0000   0.0000   0.0000   0.0000   0.0000   0.0000   0.0000
   0.0000   0.0000   0.0000   0.0000   0.0000   0.0000   0.0000   0.0000   0.0000
   0.0000   0.0000   0.0000   0.0000   0.0000   0.0000   0.0000   0.0000   0.0000
   0.0000   0.0000   0.0000   0.0000   0.0000   0.0000   0.0000   0.0000   0.0000
   0.0000   0.0000   0.0000   0.0000   0.0000   0.0000   0.0000   0.0000   0.0000
   0.0000   0.0000   0.0000   0.0000   0.0000   0.0000   0.0000   0.0000   0.0000
   0.0000   0.0000   0.0000   0.0000   0.0000   0.0000   0.0000   0.0000   0.0000
   0.0000   0.0000   0.0000   0.0000   0.0000   0.0000   0.0000   0.0000   0.0000
   0.0000   0.0000   0.0000   0.0000   0.0000   0.0000   0.0000   0.0000   0.0000
   0.0000   0.0000   0.0000   0.0000   0.0000   0.0000   0.0000   0.0000   0.0000
   0.0000   0.0000   0.0000   0.0000   0.0000   0.0000   0.0000   0.0000   0.0000
   0.0000   0.0000   0.0000   0.0000   0.0000   0.0000   0.0000   0.0000   0.0000
   0.0000   0.0000   0.0000   0.0000   0.0000   0.0000   0.0000   0.0000   0.0000
   0.0000   0.0000   0.0000   0.0000   0.0000   0.0000   0.0000   0.0000   0.0000
   0.0000   0.0000   0.0000   0.0000   0.0000   0.0000   0.0000   0.0000   0.0000
   0.0000   0.0000   0.0000   0.0000   0.0000   0.0000   0.0000   0.0000   0.0000
   0.0000   0.0000   0.0000   0.0000   0.0000   0.0000   0.0000   0.0000   0.0000
   0.0000   0.0000   0.0000   0.0000   0.0000   0.0000   0.0000   0.0000   0.0000
   0.0000   0.0000   0.0000   0.0000   0.0000   0.0000   0.0000   0.0000   0.0000
   0.0000   0.0000   0.0000   0.0000   0.0000   0.0000   0.0000   0.0000   0.0000
   0.0000   0.0000   0.0000   0.0000   0.0000   0.0000   0.0000   0.0000   0.0000
   0.0000   0.0000   0.0000   0.0000   0.0000   0.0000   0.0000   0.0000   0.0000
   0.0000   0.0000   0.0000   0.0000   0.0000   0.0000   0.0000   0.0000   0.0000
   0.0000   0.0000   0.0000   0.0000   0.0000   0.0000   0.0000   0.0000   0.0000
   0.0000   0.0000   0.0000   0.0000   0.0000   0.0000   0.0000   0.0000   0.0000
   0.0000   0.0000   0.0000   0.0000   0.0000   0.0000   0.0000   0.0000   0.0000
   0.0000   0.0000   0.0000   0.0000   0.0000   0.0000   0.0000   0.0000   0.0000
   0.0000   0.0000   0.0000   0.0000   0.0000   0.0000   0.0000   0.0000   0.0000
   0.0000   0.0000   0.0000   0.0000   0.0000   0.0000   0.0000   0.0000   0.0000
   0.0000   0.0000   0.0000   0.0000   0.0000   0.0000   0.0000   0.0000   0.0000
   0.0000   0.0000   0.0000   0.0000   0.0000   0.0000   0.0000   0.0000   0.0000
   0.0000   0.0000   0.0000   0.0000   0.0000   0.0000   0.0000   0.0000   0.0000
   0.0000   0.0000   0.0000   0.0000   0.0000   0.0000   0.0000   0.0000   0.0000
   0.0000   0.0000   0.0000   0.0000   0.0000   0.0000   0.0000   0.0000   0.0000
   0.0000   0.0000   0.0000   0.0000   0.0000   0.0000   0.0000   0.0000   0.0000
   0.0000   0.0000   0.0000   0.0000   0.0000   0.0000   0.0000   0.0000   0.0000
   0.0000   0.0000   0.0000   0.0000   0.0000   0.0000   0.0000   0.0000   0.0000
   0.0000   0.0000   0.0000   0.0000   0.0000   0.0000   0.0000   0.0000   0.0000
   0.0000   0.0000   0.0000   0.0000   0.0000   0.0000   0.0000   0.0000   0.0000
   0.0000   0.0000   0.0000   0.0000   0.0000   0.0000   0.0000   0.0000   0.0000
   0.0000   0.0000   0.0000   0.0000   0.0000   0.0000   0.0000   0.0000   0.0000
   0.0000   0.0000   0.0000   0.0000   0.0000   0.0000   0.0000   0.0000   0.0000
   0.0000   0.0000   0.0000   0.0000   0.0000   0.0000   0.0000   0.0000   0.0000
   0.0000   0.0000   0.0000   0.0000   0.0000   0.0000   0.0000   0.0000   0.0000
   0.0000   0.0000   0.0000   0.0000   0.0000   0.0000   0.0000   0.0000   0.0000
   0.0000   0.0000   0.0000   0.0000   0.0000   0.0000   0.0000   0.0000   0.0000
   0.0000   0.0000   0.0000   0.0000   0.0000   0.0000   0.0000   0.0000   0.0000
   0.0000   0.0000   0.0000   0.0000   0.0000   0.0000   0.0000   0.0000   0.0000
   0.0000   0.0000   0.0000   0.0000   0.0000   0.0000   0.0000   0.0000   0.0000
   0.0000   0.0000   0.0000   0.0000   0.0000   0.0000   0.0000   0.0000   0.0000
   0.0000   0.0000   0.0000   0.0000   0.0000   0.0000   0.0000   0.0000   0.0000
   0.0000   0.0000   0.0000   0.0000   0.0000   0.0000   0.0000   0.0000   0.0000
   0.0000   0.0000   0.0000   0.0000   0.0000   0.0000   0.0000   0.0000   0.0000
   0.0000   0.0000   0.0000   0.0000   0.0000   0.0000   0.0000   0.0000   0.0000
   0.0000   0.0000   0.0000   0.0000   0.0000   0.0000   0.0000   0.0000   0.0000
   0.0000   0.0000   0.0000   0.0000   0.0000   0.0000   0.0000   0.0000   0.0000
   0.0000   0.0000   0.0000   0.0000   0.0000   0.0000   0.0000   0.0000   0.0000
   0.0000   0.0000   0.0000   0.0000   0.0000   0.0000   0.0000   0.0000   0.0000
   0.0000   0.0000   0.0000   0.0000   0.0000   0.0000   0.0000   0.0000   0.0000
   0.0000   0.0000   0.0000   0.0000   0.0000   0.0000   0.0000   0.0000   0.0000
   0.0000   0.0000   0.0000   0.0000   0.0000   0.0000   0.0000   0.0000   0.0000
   0.0000   0.0000   0.0000   0.0000   0.0000   0.0000   0.0000   0.0000   0.0000
   0.0000   0.0000   0.0000   0.0000   0.0000   0.0000   0.0000   0.0000   0.0000
   0.0000   0.0000   0.0000   0.0000   0.0000   0.0000   0.0000   0.0000   0.0000
   0.0000   0.0000   0.0000   0.0000   0.0000   0.0000   0.0000   0.0000   0.0000
   0.0000   0.0000   0.0000   0.0000   0.0000   0.0000   0.0000   0.0000   0.0000
   0.0000   0.0000   0.0000   0.0000   0.0000   0.0000   0.0000   0.0000   0.0000
   0.0000   0.0000   0.0000   0.0000   0.0000   0.0000   0.0000   0.0000   0.0000
   0.0000   0.0000   0.0000   0.0000   0.0000   0.0000   0.0000   0.0000   0.0000
   0.0000   0.0000   0.0000   0.0000   0.0000   0.0000   0.0000   0.0000   0.0000
   0.0000   0.0000   0.0000   0.0000   0.0000   0.0000   0.0000   0.0000   0.0000
   0.0000   0.0000   0.0000   0.0000   0.0000   0.0000   0.0000   0.0000   0.0000
   0.0000   0.0000   0.0000   0.0000   0.0000   0.0000   0.0000   0.0000   0.0000
   0.0000   0.0000   0.0000   0.0000   0.0000   0.0000   0.0000   0.0000   0.0000
   0.0000   0.0000   0.0000   0.0000   0.0000   0.0000   0.0000   0.0000   0.0000
   0.0000   0.0000   0.0000   0.0000   0.0000   0.0000   0.0000   0.0000   0.0000
   0.0000   0.0000   0.0000   0.0000   0.0000   0.0000   0.0000   0.0000   0.0000
   0.0000   0.0000   0.0000   0.0000   0.0000   0.0000   0.0000   0.0000   0.0000
   0.0000   0.0000   0.0000   0.0000   0.0000   0.0000   0.0000   0.0000   0.0000
   0.0000   0.0000   0.0000   0.0000   0.0000   0.0000   0.0000   0.0000   0.0000
   0.0000   0.0000   0.0000   0.0000   0.0000   0.0000   0.0000   0.0000   0.0000
   0.0000   0.0000   0.0000   0.0000   0.0000   0.0000   0.0000   0.0000   0.0000
   0.0000   0.0000   0.0000   0.0000   0.0000   0.0000   0.0000   0.0000   0.0000
   0.0000   0.0000   0.0000   0.0000   0.0000   0.0000   0.0000   0.0000   0.0000
   0.0000   0.0000   0.0000   0.0000   0.0000   0.0000   0.0000   0.0000   0.0000
   0.0000   0.0000   0.0000   0.0000   0.0000   0.0000   0.0000   0.0000   0.0000
   0.0000   0.0000   0.0000   0.0000   0.0000   0.0000   0.0000   0.0000   0.0000
   0.0000   0.0000   0.0000   0.0000   0.0000   0.0000   0.0000   0.0000   0.0000
   0.0000   0.0000   0.0000   0.0000   0.0000   0.0000   0.0000   0.0000   0.0000
   0.0000   0.0000   0.0000   0.0000   0.0000   0.0000   0.0000   0.0000   0.0000
   0.0000   0.0000   0.0000   0.0000   0.0000   0.0000   0.0000   0.0000   0.0000
   0.0000   0.0000   0.0000   0.0000   0.0000   0.0000   0.0000   0.0000   0.0000
   0.0000   0.0000   0.0000   0.0000   0.0000   0.0000   0.0000   0.0000   0.0000
   0.0000   0.0000   0.0000   0.0000   0.0000   0.0000   0.0000   0.0000   0.0000
   0.0000   0.0000   0.0000   0.0000   0.0000   0.0000   0.0000   0.0000   0.0000
   0.0000   0.0000   0.0000   0.0000   0.0000   0.0000   0.0000   0.0000   0.0000
   0.0000   0.0000   0.0000   0.0000   0.0000   0.0000   0.0000   0.0000   0.0000
   0.0000   0.0000   0.0000   0.0000   0.0000   0.0000   0.0000   0.0000   0.0000
   0.0000   0.0000   0.0000   0.0000   0.0000   0.0000   0.0000   0.0000   0.0000
   0.0000   0.0000   0.0000   0.0000   0.0000   0.0000   0.0000   0.0000   0.0000
   0.0000   0.0000   0.0000   0.0000   0.0000   0.0000   0.0000   0.0000   0.0000
   0.0000   0.0000   0.0000   0.0000   0.0000   0.0000   0.0000   0.0000   0.0000
   0.0000   0.0000   0.0000   0.0000   0.0000   0.0000   0.0000   0.0000   0.0000
   0.0000   0.0000   0.0000   0.0000   0.0000   0.0000   0.0000   0.0000   0.0000
   0.0000   0.0000   0.0000   0.0000   0.0000   0.0000   0.0000   0.0000   0.0000
   0.0000   0.0000   0.0000   0.0000   0.0000   0.0000   0.0000   0.0000   0.0000
   0.0000   0.0000   0.0000   0.0000   0.0000   0.0000   0.0000   0.0000   0.0000
   0.0000   0.0000   0.0000   0.0000   0.0000   0.0000   0.0000   0.0000   0.0000
   0.0000   0.0000   0.0000   0.0000   0.0000   0.0000   0.0000   0.0000   0.0000
   0.0000   0.0000   0.0000   0.0000   0.0000   0.0000   0.0000   0.0000   0.0000
   0.0000   0.0000   0.0000   0.0000   0.0000   0.0000   0.0000   0.0000   0.0000
   0.0000   0.0000   0.0000   0.0000   0.0000   0.0000   0.0000   0.0000   0.0000
   0.0000   0.0000   0.0000   0.0000   0.0000   0.0000   0.0000   0.0000   0.0000
   0.0000   0.0000   0.0000   0.0000   0.0000   0.0000   0.0000   0.0000   0.0000
   0.0000   0.0000   0.0000   0.0000   0.0000   0.0000   0.0000   0.0000   0.0000
   0.0000   0.0000   0.0000   0.0000   0.0000   0.0000   0.0000   0.0000   0.0000
   0.0000   0.0000   0.0000   0.0000   0.0000   0.0000   0.0000   0.0000   0.0000
   0.0000   0.0000   0.0000   0.0000   0.0000   0.0000   0.0000   0.0000   0.0000
   0.0000   0.0000   0.0000   0.0000   0.0000   0.0000   0.0000   0.0000   0.0000
   0.0000   0.0000   0.0000   0.0000   0.0000   0.0000   0.0000   0.0000   0.0000
   0.0000   0.0000   0.0000   0.0000   0.0000   0.0000   0.0000   0.0000   0.0000
   0.0000   0.0000   0.0000   0.0000   0.0000   0.0000   0.0000   0.0000   0.0000
   0.0000   0.0000   0.0000   0.0000   0.0000   0.0000   0.0000   0.0000   0.0000
   0.0000   0.0000   0.0000   0.0000   0.0000   0.0000   0.0000   0.0000   0.0000
   0.0000   0.0000   0.0000   0.0000   0.0000   0.0000   0.0000   0.0000   0.0000
   0.0000   0.0000   0.0000   0.0000   0.0000   0.0000   0.0000   0.0000   0.0000
   0.0000   0.0000   0.0000   0.0000   0.0000   0.0000   0.0000   0.0000   0.0000
   0.0000   0.0000   0.0000   0.0000   0.0000   0.0000   0.0000   0.0000   0.0000
   0.0000   0.0000   0.0000   0.0000   0.0000   0.0000   0.0000   0.0000   0.0000
   0.0000   0.0000   0.0000   0.0000   0.0000   0.0000   0.0000   0.0000   0.0000
   0.0000   0.0000   0.0000   0.0000   0.0000   0.0000   0.0000   0.0000   0.0000
   0.0000   0.0000   0.0000   0.0000   0.0000   0.0000   0.0000   0.0000   0.0000
   0.0000   0.0000   0.0000   0.0000   0.0000   0.0000   0.0000   0.0000   0.0000
   0.0000   0.0000   0.0000   0.0000   0.0000   0.0000   0.0000   0.0000   0.0000
   0.0000   0.0000   0.0000   0.0000   0.0000   0.0000   0.0000   0.0000   0.0000
   0.0000   0.0000   0.0000   0.0000   0.0000   0.0000   0.0000   0.0000   0.0000
   0.0000   0.0000   0.0000   0.0000   0.0000   0.0000   0.0000   0.0000   0.0000
   0.0000   0.0000   0.0000   0.0000   0.0000   0.0000   0.0000   0.0000   0.0000
   0.0000   0.0000   0.0000   0.0000   0.0000   0.0000   0.0000   0.0000   0.0000
   0.0000   0.0000   0.0000   0.0000   0.0000   0.0000   0.0000   0.0000   0.0000
   0.0000   0.0000   0.0000   0.0000   0.0000   0.0000   0.0000   0.0000   0.0000
   0.0000   0.0000   0.0000   0.0000   0.0000   0.0000   0.0000   0.0000   0.0000
   0.0000   0.0000   0.0000   0.0000   0.0000   0.0000   0.0000   0.0000   0.0000
   0.0000   0.0000   0.0000   0.0000   0.0000   0.0000   0.0000   0.0000   0.0000
   0.0000   0.0000   0.0000   0.0000   0.0000   0.0000   0.0000   0.0000   0.0000
   0.0000   0.0000   0.0000   0.0000   0.0000   0.0000   0.0000   0.0000   0.0000
   0.0000   0.0000   0.0000   0.0000   0.0000   0.0000   0.0000   0.0000   0.0000
   0.0000   0.0000   0.0000   0.0000   0.0000   0.0000   0.0000   0.0000   0.0000
   0.0000   0.0000   0.0000   0.0000   0.0000   0.0000   0.0000   0.0000   0.0000
   0.0000   0.0000   0.0000   0.0000   0.0000   0.0000   0.0000   0.0000   0.0000
   0.0000   0.0000   0.0000   0.0000   0.0000   0.0000   0.0000   0.0000   0.0000
   0.0000   0.0000   0.0000   0.0000   0.0000   0.0000   0.0000   0.0000   0.0000
   0.0000   0.0000   0.0000   0.0000   0.0000   0.0000   0.0000   0.0000   0.0000
   0.0000   0.0000   0.0000   0.0000   0.0000   0.0000   0.0000   0.0000   0.0000
   0.0000   0.0000   0.0000   0.0000   0.0000   0.0000   0.0000   0.0000   0.0000
   0.0000   0.0000   0.0000   0.0000   0.0000   0.0000   0.0000   0.0000   0.0000
   0.0000   0.0000   0.0000   0.0000   0.0000   0.0000   0.0000   0.0000   0.0000
   0.0000   0.0000   0.0000   0.0000   0.0000   0.0000   0.0000   0.0000   0.0000
   0.0000   0.0000   0.0000   0.0000   0.0000   0.0000   0.0000   0.0000   0.0000
   0.0000   0.0000   0.0000   0.0000   0.0000   0.0000   0.0000   0.0000   0.0000
   0.0000   0.0000   0.0000   0.0000   0.0000   0.0000   0.0000   0.0000   0.0000
   0.0000   0.0000   0.0000   0.0000   0.0000   0.0000   0.0000   0.0000   0.0000
   0.0000   0.0000   0.0000   0.0000   0.0000   0.0000   0.0000   0.0000   0.0000
   0.0000   0.0000   0.0000   0.0000   0.0000   0.0000   0.0000   0.0000   0.0000
   0.0000   0.0000   0.0000   0.0000   0.0000   0.0000   0.0000   0.0000   0.0000
   0.0000   0.0000   0.0000   0.0000   0.0000   0.0000   0.0000   0.0000   0.0000
   0.0000   0.0000   0.0000   0.0000   0.0000   0.0000   0.0000   0.0000   0.0000
   0.0000   0.0000   0.0000   0.0000   0.0000   0.0000   0.0000   0.0000   0.0000
   0.0000   0.0000   0.0000   0.0000   0.0000   0.0000   0.0000   0.0000   0.0000
   0.0000   0.0000   0.0000   0.0000   0.0000   0.0000   0.0000   0.0000   0.0000
   0.0000   0.0000   0.0000   0.0000   0.0000   0.0000   0.0000   0.0000   0.0000
   0.0000   0.0000   0.0000   0.0000   0.0000   0.0000   0.0000   0.0000   0.0000
   0.0000   0.0000   0.0000   0.0000   0.0000   0.0000   0.0000   0.0000   0.0000
   0.0000   0.0000   0.0000   0.0000   0.0000   0.0000   0.0000   0.0000   0.0000
   0.0000   0.0000   0.0000   0.0000   0.0000   0.0000   0.0000   0.0000   0.0000
   0.0000   0.0000   0.0000   0.0000   0.0000   0.0000   0.0000   0.0000   0.0000
   0.0000   0.0000   0.0000   0.0000   0.0000   0.0000   0.0000   0.0000   0.0000
   0.0000   0.0000   0.0000   0.0000   0.0000   0.0000   0.0000   0.0000   0.0000
   0.0000   0.0000   0.0000   0.0000   0.0000   0.0000   0.0000   0.0000   0.0000
   0.0000   0.0000   0.0000   0.0000   0.0000   0.0000   0.0000   0.0000   0.0000
   0.0000   0.0000   0.0000   0.0000   0.0000   0.0000   0.0000   0.0000   0.0000
   0.0000   0.0000   0.0000   0.0000   0.0000   0.0000   0.0000   0.0000   0.0000
   0.0000   0.0000   0.0000   0.0000   0.0000   0.0000   0.0000   0.0000   0.0000
   0.0000   0.0000   0.0000   0.0000   0.0000   0.0000   0.0000   0.0000   0.0000
   0.0000   0.0000   0.0000   0.0000   0.0000   0.0000   0.0000   0.0000   0.0000
   0.0000   0.0000   0.0000   0.0000   0.0000   0.0000   0.0000   0.0000   0.0000
   0.0000   0.0000   0.0000   0.0000   0.0000   0.0000   0.0000   0.0000   0.0000
   0.0000   0.0000   0.0000   0.0000   0.0000   0.0000   0.0000   0.0000   0.0000
   0.0000   0.0000   0.0000   0.0000   0.0000   0.0000   0.0000   0.0000   0.0000
   0.0000   0.0000   0.0000   0.0000   0.0000   0.0000   0.0000   0.0000   0.0000
   0.0000   0.0000   0.0000   0.0000   0.0000   0.0000   0.0000   0.0000   0.0000
   0.0000   0.0000   0.0000   0.0000   0.0000   0.0000   0.0000   0.0000   0.0000
   0.0000   0.0000   0.0000   0.0000   0.0000   0.0000   0.0000   0.0000   0.0000
   0.0000   0.0000   0.0000   0.0000   0.0000   0.0000   0.0000   0.0000   0.0000
   0.0000   0.0000   0.0000   0.0000   0.0000   0.0000   0.0000   0.0000   0.0000
   0.0000   0.0000   0.0000   0.0000   0.0000   0.0000   0.0000   0.0000   0.0000
   0.0000   0.0000   0.0000   0.0000   0.0000   0.0000   0.0000   0.0000   0.0000
   0.0000   0.0000   0.0000   0.0000   0.0000   0.0000   0.0000   0.0000   0.0000
   0.0000   0.0000   0.0000   0.0000   0.0000   0.0000   0.0000   0.0000   0.0000
   0.0000   0.0000   0.0000   0.0000   0.0000   0.0000   0.0000   0.0000   0.0000
   0.0000   0.0000   0.0000   0.0000   0.0000   0.0000   0.0000   0.0000   0.0000
   0.0000   0.0000   0.0000   0.0000   0.0000   0.0000   0.0000   0.0000   0.0000
   0.0000   0.0000   0.0000   0.0000   0.0000   0.0000   0.0000   0.0000   0.0000
   0.0000   0.0000   0.0000   0.0000   0.0000   0.0000   0.0000   0.0000   0.0000
   0.0000   0.0000   0.0000   0.0000   0.0000   0.0000   0.0000   0.0000   0.0000
   0.0000   0.0000   0.0000   0.0000   0.0000   0.0000   0.0000   0.0000   0.0000
   0.0000   0.0000   0.0000   0.0000   0.0000   0.0000   0.0000   0.0000   0.0000
   0.0000   0.0000   0.0000   0.0000   0.0000   0.0000   0.0000   0.0000   0.0000
   0.0000   0.0000   0.0000   0.0000   0.0000   0.0000   0.0000   0.0000   0.0000
   0.0000   0.0000   0.0000   0.0000   0.0000   0.0000   0.0000   0.0000   0.0000
   0.0000   0.0000   0.0000   0.0000   0.0000   0.0000   0.0000   0.0000   0.0000
   0.0000   0.0000   0.0000   0.0000   0.0000   0.0000   0.0000   0.0000   0.0000
   0.0000   0.0000   0.0000   0.0000   0.0000   0.0000   0.0000   0.0000   0.0000
   0.0000   0.0000   0.0000   0.0000   0.0000   0.0000   0.0000   0.0000   0.0000
   0.0000   0.0000   0.0000   0.0000   0.0000   0.0000   0.0000   0.0000   0.0000
   0.0000   0.0000   0.0000   0.0000   0.0000   0.0000   0.0000   0.0000   0.0000
   0.0000   0.0000   0.0000   0.0000   0.0000   0.0000   0.0000   0.0000   0.0000
   0.0000   0.0000   0.0000   0.0000   0.0000   0.0000   0.0000   0.0000   0.0000
   0.0000   0.0000   0.0000   0.0000   0.0000   0.0000   0.0000   0.0000   0.0000
   0.0000   0.0000   0.0000   0.0000   0.0000   0.0000   0.0000   0.0000   0.0000
   0.0000   0.0000   0.0000   0.0000   0.0000   0.0000   0.0000   0.0000   0.0000
   0.0000   0.0000   0.0000   0.0000   0.0000   0.0000   0.0000   0.0000   0.0000
   0.0000   0.0000   0.0000   0.0000   0.0000   0.0000   0.0000   0.0000   0.0000
   0.0000   0.0000   0.0000   0.0000   0.0000   0.0000   0.0000   0.0000   0.0000
   0.0000   0.0000   0.0000   0.0000   0.0000   0.0000   0.0000   0.0000   0.0000
   0.0000   0.0000   0.0000   0.0000   0.0000   0.0000   0.0000   0.0000   0.0000
   0.0000   0.0000   0.0000   0.0000   0.0000   0.0000   0.0000   0.0000   0.0000
   0.0000   0.0000   0.0000   0.0000   0.0000   0.0000   0.0000   0.0000   0.0000
   0.0000   0.0000   0.0000   0.0000   0.0000   0.0000   0.0000   0.0000   0.0000
   0.0000   0.0000   0.0000   0.0000   0.0000   0.0000   0.0000   0.0000   0.0000
   0.0000   0.0000   0.0000   0.0000   0.0000   0.0000   0.0000   0.0000   0.0000
   0.0000   0.0000   0.0000   0.0000   0.0000   0.0000   0.0000   0.0000   0.0000
   0.0000   0.0000   0.0000   0.0000   0.0000   0.0000   0.0000   0.0000   0.0000
   0.0000   0.0000   0.0000   0.0000   0.0000   0.0000   0.0000   0.0000   0.0000
   0.0000   0.0000   0.0000   0.0000   0.0000   0.0000   0.0000   0.0000   0.0000
   0.0000   0.0000   0.0000   0.0000   0.0000   0.0000   0.0000   0.0000   0.0000
   0.0000   0.0000   0.0000   0.0000   0.0000   0.0000   0.0000   0.0000   0.0000
   0.0000   0.0000   0.0000   0.0000   0.0000   0.0000   0.0000   0.0000   0.0000
   0.0000   0.0000   0.0000   0.0000   0.0000   0.0000   0.0000   0.0000   0.0000
   0.0000   0.0000   0.0000   0.0000   0.0000   0.0000   0.0000   0.0000   0.0000
   0.0000   0.0000   0.0000   0.0000   0.0000   0.0000   0.0000   0.0000   0.0000
   0.0000   0.0000   0.0000   0.0000   0.0000   0.0000   0.0000   0.0000   0.0000
   0.0000   0.0000   0.0000   0.0000   0.0000   0.0000   0.0000   0.0000   0.0000
   0.0000   0.0000   0.0000   0.0000   0.0000   0.0000   0.0000   0.0000   0.0000
   0.0000   0.0000   0.0000   0.0000   0.0000   0.0000   0.0000   0.0000   0.0000
   0.0000   0.0000   0.0000   0.0000   0.0000   0.0000   0.0000   0.0000   0.0000
   0.0000   0.0000   0.0000   0.0000   0.0000   0.0000   0.0000   0.0000   0.0000
   0.0000   0.0000   0.0000   0.0000   0.0000   0.0000   0.0000   0.0000   0.0000
   0.0000   0.0000   0.0000   0.0000   0.0000   0.0000   0.0000   0.0000   0.0000
   0.0000   0.0000   0.0000   0.0000   0.0000   0.0000   0.0000   0.0000   0.0000
   0.0000   0.0000   0.0000   0.0000   0.0000   0.0000   0.0000   0.0000   0.0000
   0.0000   0.0000   0.0000   0.0000   0.0000   0.0000   0.0000   0.0000   0.0000
   0.0000   0.0000   0.0000   0.0000   0.0000   0.0000   0.0000   0.0000   0.0000
   0.0000   0.0000   0.0000   0.0000   0.0000   0.0000   0.0000   0.0000   0.0000
   0.0000   0.0000   0.0000   0.0000   0.0000   0.0000   0.0000   0.0000   0.0000
   0.0000   0.0000   0.0000   0.0000   0.0000   0.0000   0.0000   0.0000   0.0000
   0.0000   0.0000   0.0000   0.0000   0.0000   0.0000   0.0000   0.0000   0.0000
   0.0000   0.0000   0.0000   0.0000   0.0000   0.0000   0.0000   0.0000   0.0000
   0.0000   0.0000   0.0000   0.0000   0.0000   0.0000   0.0000   0.0000   0.0000
   0.0000   0.0000   0.0000   0.0000   0.0000   0.0000   0.0000   0.0000   0.0000
   0.0000   0.0000   0.0000   0.0000   0.0000   0.0000   0.0000   0.0000   0.0000
   0.0000   0.0000   0.0000   0.0000   0.0000   0.0000   0.0000   0.0000   0.0000
   0.0000   0.0000   0.0000   0.0000   0.0000   0.0000   0.0000   0.0000   0.0000
   0.0000   0.0000   0.0000   0.0000   0.0000   0.0000   0.0000   0.0000   0.0000
   0.0000   0.0000   0.0000   0.0000   0.0000   0.0000   0.0000   0.0000   0.0000
   0.0000   0.0000   0.0000   0.0000   0.0000   0.0000   0.0000   0.0000   0.0000
   0.0000   0.0000   0.0000   0.0000   0.0000   0.0000   0.0000   0.0000   0.0000
   0.0000   0.0000   0.0000   0.0000   0.0000   0.0000   0.0000   0.0000   0.0000
   0.0000   0.0000   0.0000   0.0000   0.0000   0.0000   0.0000   0.0000   0.0000
   0.0000   0.0000   0.0000   0.0000   0.0000   0.0000   0.0000   0.0000   0.0000
   0.0000   0.0000   0.0000   0.0000   0.0000   0.0000   0.0000   0.0000   0.0000
   0.0000   0.0000   0.0000   0.0000   0.0000   0.0000   0.0000   0.0000   0.0000
   0.0000   0.0000   0.0000   0.0000   0.0000   0.0000   0.0000   0.0000   0.0000
   0.0000   0.0000   0.0000   0.0000   0.0000   0.0000   0.0000   0.0000   0.0000
   0.0000   0.0000   0.0000   0.0000   0.0000   0.0000   0.0000   0.0000   0.0000
   0.0000   0.0000   0.0000   0.0000   0.0000   0.0000   0.0000   0.0000   0.0000
   0.0000   0.0000   0.0000   0.0000   0.0000   0.0000   0.0000   0.0000   0.0000
   0.0000   0.0000   0.0000   0.0000   0.0000   0.0000   0.0000   0.0000   0.0000
   0.0000   0.0000   0.0000   0.0000   0.0000   0.0000   0.0000   0.0000   0.0000
   0.0000   0.0000   0.0000   0.0000   0.0000   0.0000   0.0000   0.0000   0.0000
   0.0000   0.0000   0.0000   0.0000   0.0000   0.0000   0.0000   0.0000   0.0000
   0.0000   0.0000   0.0000   0.0000   0.0000   0.0000   0.0000   0.0000   0.0000
   0.0000   0.0000   0.0000   0.0000   0.0000   0.0000   0.0000   0.0000   0.0000
   0.0000   0.0000   0.0000   0.0000   0.0000   0.0000   0.0000   0.0000   0.0000
   0.0000   0.0000   0.0000   0.0000   0.0000   0.0000   0.0000   0.0000   0.0000
   0.0000   0.0000   0.0000   0.0000   0.0000   0.0000   0.0000   0.0000   0.0000
   0.0000   0.0000   0.0000   0.0000   0.0000   0.0000   0.0000   0.0000   0.0000
   0.0000   0.0000   0.0000   0.0000   0.0000   0.0000   0.0000   0.0000   0.0000
   0.0000   0.0000   0.0000   0.0000   0.0000   0.0000   0.0000   0.0000   0.0000
   0.0000   0.0000   0.0000   0.0000   0.0000   0.0000   0.0000   0.0000   0.0000
   0.0000   0.0000   0.0000   0.0000   0.0000   0.0000   0.0000   0.0000   0.0000
   0.0000   0.0000   0.0000   0.0000   0.0000   0.0000   0.0000   0.0000   0.0000
   0.0000   0.0000   0.0000   0.0000   0.0000   0.0000   0.0000   0.0000   0.0000
   0.0000   0.0000   0.0000   0.0000   0.0000   0.0000   0.0000   0.0000   0.0000
   0.0000   0.0000   0.0000   0.0000   0.0000   0.0000   0.0000   0.0000   0.0000
   0.0000   0.0000   0.0000   0.0000   0.0000   0.0000   0.0000   0.0000   0.0000
   0.0000   0.0000   0.0000   0.0000   0.0000   0.0000   0.0000   0.0000   0.0000
   0.0000   0.0000   0.0000   0.0000   0.0000   0.0000   0.0000   0.0000   0.0000
   0.0000   0.0000   0.0000   0.0000   0.0000   0.0000   0.0000   0.0000   0.0000
   0.0000   0.0000   0.0000   0.0000   0.0000   0.0000   0.0000   0.0000   0.0000
   0.0000   0.0000   0.0000   0.0000   0.0000   0.0000   0.0000   0.0000   0.0000
   0.0000   0.0000   0.0000   0.0000   0.0000   0.0000   0.0000   0.0000   0.0000
   0.0000   0.0000   0.0000   0.0000   0.0000   0.0000   0.0000   0.0000   0.0000
   0.0000   0.0000   0.0000   0.0000   0.0000   0.0000   0.0000   0.0000   0.0000
   0.0000   0.0000   0.0000   0.0000   0.0000   0.0000   0.0000   0.0000   0.0000
   0.0000   0.0000   0.0000   0.0000   0.0000   0.0000   0.0000   0.0000   0.0000
   0.0000   0.0000   0.0000   0.0000   0.0000   0.0000   0.0000   0.0000   0.0000
   0.0000   0.0000   0.0000   0.0000   0.0000   0.0000   0.0000   0.0000   0.0000
   0.0000   0.0000   0.0000   0.0000   0.0000   0.0000   0.0000   0.0000   0.0000
   0.0000   0.0000   0.0000   0.0000   0.0000   0.0000   0.0000   0.0000   0.0000
   0.0000   0.0000   0.0000   0.0000   0.0000   0.0000   0.0000   0.0000   0.0000
   0.0000   0.0000   0.0000   0.0000   0.0000   0.0000   0.0000   0.0000   0.0000
   0.0000   0.0000   0.0000   0.0000   0.0000   0.0000   0.0000   0.0000   0.0000
   0.0000   0.0000   0.0000   0.0000   0.0000   0.0000   0.0000   0.0000   0.0000
   0.0000   0.0000   0.0000   0.0000   0.0000   0.0000   0.0000   0.0000   0.0000
   0.0000   0.0000   0.0000   0.0000   0.0000   0.0000   0.0000   0.0000   0.0000
   0.0000   0.0000   0.0000   0.0000   0.0000   0.0000   0.0000   0.0000   0.0000
   0.0000   0.0000   0.0000   0.0000   0.0000   0.0000   0.0000   0.0000   0.0000
   0.0000   0.0000   0.0000   0.0000   0.0000   0.0000   0.0000   0.0000   0.0000
   0.0000   0.0000   0.0000   0.0000   0.0000   0.0000   0.0000   0.0000   0.0000
   0.0000   0.0000   0.0000   0.0000   0.0000   0.0000   0.0000   0.0000   0.0000
   0.0000   0.0000   0.0000   0.0000   0.0000   0.0000   0.0000   0.0000   0.0000
   0.0000   0.0000   0.0000   0.0000   0.0000   0.0000   0.0000   0.0000   0.0000
   0.0000   0.0000   0.0000   0.0000   0.0000   0.0000   0.0000   0.0000   0.0000
   0.0000   0.0000   0.0000   0.0000   0.0000   0.0000   0.0000   0.0000   0.0000
   0.0000   0.0000   0.0000   0.0000   0.0000   0.0000   0.0000   0.0000   0.0000
   0.0000   0.0000   0.0000   0.0000   0.0000   0.0000   0.0000   0.0000   0.0000
   0.0000   0.0000   0.0000   0.0000   0.0000   0.0000   0.0000   0.0000   0.0000
   0.0000   0.0000   0.0000   0.0000   0.0000   0.0000   0.0000   0.0000   0.0000
   0.0000   0.0000   0.0000   0.0000   0.0000   0.0000   0.0000   0.0000   0.0000
   0.0000   0.0000   0.0000   0.0000   0.0000   0.0000   0.0000   0.0000   0.0000
   0.0000   0.0000   0.0000   0.0000   0.0000   0.0000   0.0000   0.0000   0.0000
   0.0000   0.0000   0.0000   0.0000   0.0000   0.0000   0.0000   0.0000   0.0000
   0.0000   0.0000   0.0000   0.0000   0.0000   0.0000   0.0000   0.0000   0.0000
   0.0000   0.0000   0.0000   0.0000   0.0000   0.0000   0.0000   0.0000   0.0000
   0.0000   0.0000   0.0000   0.0000   0.0000   0.0000   0.0000   0.0000   0.0000
   0.0000   0.0000   0.0000   0.0000   0.0000   0.0000   0.0000   0.0000   0.0000
   0.0000   0.0000   0.0000   0.0000   0.0000   0.0000   0.0000   0.0000   0.0000
   0.0000   0.0000   0.0000   0.0000   0.0000   0.0000   0.0000   0.0000   0.0000
   0.0000   0.0000   0.0000   0.0000   0.0000   0.0000   0.0000   0.0000   0.0000
   0.0000   0.0000   0.0000   0.0000   0.0000   0.0000   0.0000   0.0000   0.0000
   0.0000   0.0000   0.0000   0.0000   0.0000   0.0000   0.0000   0.0000   0.0000
   0.0000   0.0000   0.0000   0.0000   0.0000   0.0000   0.0000   0.0000   0.0000
   0.0000   0.0000   0.0000   0.0000   0.0000   0.0000   0.0000   0.0000   0.0000
   0.0000   0.0000   0.0000   0.0000   0.0000   0.0000   0.0000   0.0000   0.0000
   0.0000   0.0000   0.0000   0.0000   0.0000   0.0000   0.0000   0.0000   0.0000
   0.0000   0.0000   0.0000   0.0000   0.0000   0.0000   0.0000   0.0000   0.0000
   0.0000   0.0000   0.0000   0.0000   0.0000   0.0000   0.0000   0.0000   0.0000
   0.0000   0.0000   0.0000   0.0000   0.0000   0.0000   0.0000   0.0000   0.0000
   0.0000   0.0000   0.0000   0.0000   0.0000   0.0000   0.0000   0.0000   0.0000
   0.0000   0.0000   0.0000   0.0000   0.0000   0.0000   0.0000   0.0000   0.0000
   0.0000   0.0000   0.0000   0.0000   0.0000   0.0000   0.0000   0.0000   0.0000
   0.0000   0.0000   0.0000   0.0000   0.0000   0.0000   0.0000   0.0000   0.0000
   0.0000   0.0000   0.0000   0.0000   0.0000   0.0000   0.0000   0.0000   0.0000
   0.0000   0.0000   0.0000   0.0000   0.0000   0.0000   0.0000   0.0000   0.0000
   0.0000   0.0000   0.0000   0.0000   0.0000   0.0000   0.0000   0.0000   0.0000
   0.0000   0.0000   0.0000   0.0000   0.0000   0.0000   0.0000   0.0000   0.0000
   0.0000   0.0000   0.0000   0.0000   0.0000   0.0000   0.0000   0.0000   0.0000
   0.0000   0.0000   0.0000   0.0000   0.0000   0.0000   0.0000   0.0000   0.0000
   0.0000   0.0000   0.0000   0.0000   0.0000   0.0000   0.0000   0.0000   0.0000
   0.0000   0.0000   0.0000   0.0000   0.0000   0.0000   0.0000   0.0000   0.0000
   0.0000   0.0000   0.0000   0.0000   0.0000   0.0000   0.0000   0.0000   0.0000
   0.0000   0.0000   0.0000   0.0000   0.0000   0.0000   0.0000   0.0000   0.0000
   0.0000   0.0000   0.0000   0.0000   0.0000   0.0000   0.0000   0.0000   0.0000
   0.0000   0.0000   0.0000   0.0000   0.0000   0.0000   0.0000   0.0000   0.0000
   0.0000   0.0000   0.0000   0.0000   0.0000   0.0000   0.0000   0.0000   0.0000
   0.0000   0.0000   0.0000   0.0000   0.0000   0.0000   0.0000   0.0000   0.0000
   0.0000   0.0000   0.0000   0.0000   0.0000   0.0000   0.0000   0.0000   0.0000
   0.0000   0.0000   0.0000   0.0000   0.0000   0.0000   0.0000   0.0000   0.0000
   0.0000   0.0000   0.0000   0.0000   0.0000   0.0000   0.0000   0.0000   0.0000
   0.0000   0.0000   0.0000   0.0000   0.0000   0.0000   0.0000   0.0000   0.0000
   0.0000   0.0000   0.0000   0.0000   0.0000   0.0000   0.0000   0.0000   0.0000
   0.0000   0.0000   0.0000   0.0000   0.0000   0.0000   0.0000   0.0000   0.0000
   0.0000   0.0000   0.0000   0.0000   0.0000   0.0000   0.0000   0.0000   0.0000
   0.0000   0.0000   0.0000   0.0000   0.0000   0.0000   0.0000   0.0000   0.0000
   0.0000   0.0000   0.0000   0.0000   0.0000   0.0000   0.0000   0.0000   0.0000
   0.0000   0.0000   0.0000   0.0000   0.0000   0.0000   0.0000   0.0000   0.0000
   0.0000   0.0000   0.0000   0.0000   0.0000   0.0000   0.0000   0.0000   0.0000
   0.0000   0.0000   0.0000   0.0000   0.0000   0.0000   0.0000   0.0000   0.0000
   0.0000   0.0000   0.0000   0.0000   0.0000   0.0000   0.0000   0.0000   0.0000
   0.0000   0.0000   0.0000   0.0000   0.0000   0.0000   0.0000   0.0000   0.0000
   0.0000   0.0000   0.0000   0.0000   0.0000   0.0000   0.0000   0.0000   0.0000
   0.0000   0.0000   0.0000   0.0000   0.0000   0.0000   0.0000   0.0000   0.0000
   0.0000   0.0000   0.0000   0.0000   0.0000   0.0000   0.0000   0.0000   0.0000
   0.0000   0.0000   0.0000   0.0000   0.0000   0.0000   0.0000   0.0000   0.0000
   0.0000   0.0000   0.0000   0.0000   0.0000   0.0000   0.0000   0.0000   0.0000
   0.0000   0.0000   0.0000   0.0000   0.0000   0.0000   0.0000   0.0000   0.0000
   0.0000   0.0000   0.0000   0.0000   0.0000   0.0000   0.0000   0.0000   0.0000
   0.0000   0.0000   0.0000   0.0000   0.0000   0.0000   0.0000   0.0000   0.0000
   0.0000   0.0000   0.0000   0.0000   0.0000   0.0000   0.0000   0.0000   0.0000
   0.0000   0.0000   0.0000   0.0000   0.0000   0.0000   0.0000   0.0000   0.0000
   0.0000   0.0000   0.0000   0.0000   0.0000   0.0000   0.0000   0.0000   0.0000
   0.0000   0.0000   0.0000   0.0000   0.0000   0.0000   0.0000   0.0000   0.0000
   0.0000   0.0000   0.0000   0.0000   0.0000   0.0000   0.0000   0.0000   0.0000
   0.0000   0.0000   0.0000   0.0000   0.0000   0.0000   0.0000   0.0000   0.0000
   0.0000   0.0000   0.0000   0.0000   0.0000   0.0000   0.0000   0.0000   0.0000
   0.0000   0.0000   0.0000   0.0000   0.0000   0.0000   0.0000   0.0000   0.0000
   0.0000   0.0000   0.0000   0.0000   0.0000   0.0000   0.0000   0.0000   0.0000
   0.0000   0.0000   0.0000   0.0000   0.0000   0.0000   0.0000   0.0000   0.0000
   0.0000   0.0000   0.0000   0.0000   0.0000   0.0000   0.0000   0.0000   0.0000
   0.0000   0.0000   0.0000   0.0000   0.0000   0.0000   0.0000   0.0000   0.0000
   0.0000   0.0000   0.0000   0.0000   0.0000   0.0000   0.0000   0.0000   0.0000
   0.0000   0.0000   0.0000   0.0000   0.0000   0.0000   0.0000   0.0000   0.0000
   0.0000   0.0000   0.0000   0.0000   0.0000   0.0000   0.0000   0.0000   0.0000
   0.0000   0.0000   0.0000   0.0000   0.0000   0.0000   0.0000   0.0000   0.0000
   0.0000   0.0000   0.0000   0.0000   0.0000   0.0000   0.0000   0.0000   0.0000
   0.0000   0.0000   0.0000   0.0000   0.0000   0.0000   0.0000   0.0000   0.0000
   0.0000   0.0000   0.0000   0.0000   0.0000   0.0000   0.0000   0.0000   0.0000
   0.0000   0.0000   0.0000   0.0000   0.0000   0.0000   0.0000   0.0000   0.0000
   0.0000   0.0000   0.0000   0.0000   0.0000   0.0000   0.0000   0.0000   0.0000
   0.0000   0.0000   0.0000   0.0000   0.0000   0.0000   0.0000   0.0000   0.0000
   0.0000   0.0000   0.0000   0.0000   0.0000   0.0000   0.0000   0.0000   0.0000
   0.0000   0.0000   0.0000   0.0000   0.0000   0.0000   0.0000   0.0000   0.0000
   0.0000   0.0000   0.0000   0.0000   0.0000   0.0000   0.0000   0.0000   0.0000
   0.0000   0.0000   0.0000   0.0000   0.0000   0.0000   0.0000   0.0000   0.0000
   0.0000   0.0000   0.0000   0.0000   0.0000   0.0000   0.0000   0.0000   0.0000
   0.0000   0.0000   0.0000   0.0000   0.0000   0.0000   0.0000   0.0000   0.0000
   0.0000   0.0000   0.0000   0.0000   0.0000   0.0000   0.0000   0.0000   0.0000
   0.0000   0.0000   0.0000   0.0000   0.0000   0.0000   0.0000   0.0000   0.0000
   0.0000   0.0000   0.0000   0.0000   0.0000   0.0000   0.0000   0.0000   0.0000
   0.0000   0.0000   0.0000   0.0000   0.0000   0.0000   0.0000   0.0000   0.0000
   0.0000   0.0000   0.0000   0.0000   0.0000   0.0000   0.0000   0.0000   0.0000
   0.0000   0.0000   0.0000   0.0000   0.0000   0.0000   0.0000   0.0000   0.0000
   0.0000   0.0000   0.0000   0.0000   0.0000   0.0000   0.0000   0.0000   0.0000
   0.0000   0.0000   0.0000   0.0000   0.0000   0.0000   0.0000   0.0000   0.0000
   0.0000   0.0000   0.0000   0.0000   0.0000   0.0000   0.0000   0.0000   0.0000
   0.0000   0.0000   0.0000   0.0000   0.0000   0.0000   0.0000   0.0000   0.0000
   0.0000   0.0000   0.0000   0.0000   0.0000   0.0000   0.0000   0.0000   0.0000
   0.0000   0.0000   0.0000   0.0000   0.0000   0.0000   0.0000   0.0000   0.0000
   0.0000   0.0000   0.0000   0.0000   0.0000   0.0000   0.0000   0.0000   0.0000
   0.0000   0.0000   0.0000   0.0000   0.0000   0.0000   0.0000   0.0000   0.0000
   0.0000   0.0000   0.0000   0.0000   0.0000   0.0000   0.0000   0.0000   0.0000
   0.0000   0.0000   0.0000   0.0000   0.0000   0.0000   0.0000   0.0000   0.0000
   0.0000   0.0000   0.0000   0.0000   0.0000   0.0000   0.0000   0.0000   0.0000
   0.0000   0.0000   0.0000   0.0000   0.0000   0.0000   0.0000   0.0000   0.0000
   0.0000   0.0000   0.0000   0.0000   0.0000   0.0000   0.0000   0.0000   0.0000
   0.0000   0.0000   0.0000   0.0000   0.0000   0.0000   0.0000   0.0000   0.0000
   0.0000   0.0000   0.0000   0.0000   0.0000   0.0000   0.0000   0.0000   0.0000
   0.0000   0.0000   0.0000   0.0000   0.0000   0.0000   0.0000   0.0000   0.0000
   0.0000   0.0000   0.0000   0.0000   0.0000   0.0000   0.0000   0.0000   0.0000
   0.0000   0.0000   0.0000   0.0000   0.0000   0.0000   0.0000   0.0000   0.0000
   0.0000   0.0000   0.0000   0.0000   0.0000   0.0000   0.0000   0.0000   0.0000
   0.0000   0.0000   0.0000   0.0000   0.0000   0.0000   0.0000   0.0000   0.0000
   0.0000   0.0000   0.0000   0.0000   0.0000   0.0000   0.0000   0.0000   0.0000
   0.0000   0.0000   0.0000   0.0000   0.0000   0.0000   0.0000   0.0000   0.0000
   0.0000   0.0000   0.0000   0.0000   0.0000   0.0000   0.0000   0.0000   0.0000
   0.0000   0.0000   0.0000   0.0000   0.0000   0.0000   0.0000   0.0000   0.0000
   0.0000   0.0000   0.0000   0.0000   0.0000   0.0000   0.0000   0.0000   0.0000
   0.0000   0.0000   0.0000   0.0000   0.0000   0.0000   0.0000   0.0000   0.0000
   0.0000   0.0000   0.0000   0.0000   0.0000   0.0000   0.0000   0.0000   0.0000
   0.0000   0.0000   0.0000   0.0000   0.0000   0.0000   0.0000   0.0000   0.0000
   0.0000   0.0000   0.0000   0.0000   0.0000   0.0000   0.0000   0.0000   0.0000
   0.0000   0.0000   0.0000   0.0000   0.0000   0.0000   0.0000   0.0000   0.0000
   0.0000   0.0000   0.0000   0.0000   0.0000   0.0000   0.0000   0.0000   0.0000
   0.0000   0.0000   0.0000   0.0000   0.0000   0.0000   0.0000   0.0000   0.0000
   0.0000   0.0000   0.0000   0.0000   0.0000   0.0000   0.0000   0.0000   0.0000
   0.0000   0.0000   0.0000   0.0000   0.0000   0.0000   0.0000   0.0000   0.0000
   0.0000   0.0000   0.0000   0.0000   0.0000   0.0000   0.0000   0.0000   0.0000
   0.0000   0.0000   0.0000   0.0000   0.0000   0.0000   0.0000   0.0000   0.0000
   0.0000   0.0000   0.0000   0.0000   0.0000   0.0000   0.0000   0.0000   0.0000
   0.0000   0.0000   0.0000   0.0000   0.0000   0.0000   0.0000   0.0000   0.0000
   0.0000   0.0000   0.0000   0.0000   0.0000   0.0000   0.0000   0.0000   0.0000
   0.0000   0.0000   0.0000   0.0000   0.0000   0.0000   0.0000   0.0000   0.0000
   0.0000   0.0000   0.0000   0.0000   0.0000   0.0000   0.0000   0.0000   0.0000
   0.0000   0.0000   0.0000   0.0000   0.0000   0.0000   0.0000   0.0000   0.0000
   0.0000   0.0000   0.0000   0.0000   0.0000   0.0000   0.0000   0.0000   0.0000
   0.0000   0.0000   0.0000   0.0000   0.0000   0.0000   0.0000   0.0000   0.0000
   0.0000   0.0000   0.0000   0.0000   0.0000   0.0000   0.0000   0.0000   0.0000
   0.0000   0.0000   0.0000   0.0000   0.0000   0.0000   0.0000   0.0000   0.0000
   0.0000   0.0000   0.0000   0.0000   0.0000   0.0000   0.0000   0.0000   0.0000
   0.0000   0.0000   0.0000   0.0000   0.0000   0.0000   0.0000   0.0000   0.0000
   0.0000   0.0000   0.0000   0.0000   0.0000   0.0000   0.0000   0.0000   0.0000
   0.0000   0.0000   0.0000   0.0000   0.0000   0.0000   0.0000   0.0000   0.0000
   0.0000   0.0000   0.0000   0.0000   0.0000   0.0000   0.0000   0.0000   0.0000
   0.0000   0.0000   0.0000   0.0000   0.0000   0.0000   0.0000   0.0000   0.0000
   0.0000   0.0000   0.0000   0.0000   0.0000   0.0000   0.0000   0.0000   0.0000
   0.0000   0.0000   0.0000   0.0000   0.0000   0.0000   0.0000   0.0000   0.0000
   0.0000   0.0000   0.0000   0.0000   0.0000   0.0000   0.0000   0.0000   0.0000
   0.0000   0.0000   0.0000   0.0000   0.0000   0.0000   0.0000   0.0000   0.0000
   0.0000   0.0000   0.0000   0.0000   0.0000   0.0000   0.0000   0.0000   0.0000
   0.0000   0.0000   0.0000   0.0000   0.0000   0.0000   0.0000   0.0000   0.0000
   0.0000   0.0000   0.0000   0.0000   0.0000   0.0000   0.0000   0.0000   0.0000
   0.0000   0.0000   0.0000   0.0000   0.0000   0.0000   0.0000   0.0000   0.0000
   0.0000   0.0000   0.0000   0.0000   0.0000   0.0000   0.0000   0.0000   0.0000
   0.0000   0.0000   0.0000   0.0000   0.0000   0.0000   0.0000   0.0000   0.0000
   0.0000   0.0000   0.0000   0.0000   0.0000   0.0000   0.0000   0.0000   0.0000
   0.0000   0.0000   0.0000   0.0000   0.0000   0.0000   0.0000   0.0000   0.0000
   0.0000   0.0000   0.0000   0.0000   0.0000   0.0000   0.0000   0.0000   0.0000
   0.0000   0.0000   0.0000   0.0000   0.0000   0.0000   0.0000   0.0000   0.0000
   0.0000   0.0000   0.0000   0.0000   0.0000   0.0000   0.0000   0.0000   0.0000
   0.0000   0.0000   0.0000   0.0000   0.0000   0.0000   0.0000   0.0000   0.0000
   0.0000   0.0000   0.0000   0.0000   0.0000   0.0000   0.0000   0.0000   0.0000
   0.0000   0.0000   0.0000   0.0000   0.0000   0.0000   0.0000   0.0000   0.0000
   0.0000   0.0000   0.0000   0.0000   0.0000   0.0000   0.0000   0.0000   0.0000
