  14.7188  15.3977  15.5177  16.9247  18.4811  19.3876  19.6549  19.6030  19.1632
  14.7170  15.3798  15.5174  16.9259  18.4808  19.3921  19.6625  19.6032  19.1632
  14.7134  15.4032  15.5162  16.9077  18.4810  19.3999  19.6694  19.6030  19.1634
  14.7083  15.3612  15.5167  16.8987  18.4820  19.4139  19.6635  19.6034  19.1634
  14.7011  15.2402  15.5140  16.9057  18.4799  19.4271  19.6637  19.6028  19.1625
  14.6926  15.2267  15.5134  16.8404  18.4802  19.4319  19.6728  19.6010  19.1597
  14.6846  15.2250  15.5144  16.7967  18.4799  19.4186  19.6759  19.5992  19.1524
  14.6692  15.2232  15.5109  16.8070  18.4801  19.3960  19.6769  19.5998  19.1412
  14.6248  15.2244  15.5097  16.7955  18.4789  19.3802  19.6766  19.6011  19.1330
  14.6162  15.2258  15.5095  16.7907  18.4769  19.3659  19.6742  19.6017  19.1247
  14.6159  15.2224  15.5078  16.7696  18.4746  19.3435  19.6738  19.6018  19.1156
  14.5942  15.2215  15.5074  16.7442  18.4734  19.3195  19.6761  19.6015  19.1061
  14.5735  15.2203  15.5068  16.7228  18.4727  19.3066  19.6768  19.6010  19.0949
  14.5550  15.2192  15.5065  16.7136  18.4746  19.2941  19.6774  19.6002  19.0810
  14.5225  15.2202  15.5038  16.7127  18.4748  19.2623  19.6769  19.6007  19.0654
  14.5072  15.2185  15.5017  16.7101  18.4767  19.2156  19.6753  19.6020  19.0491
  14.4992  15.2162  15.5017  16.7051  18.4771  19.1895  19.6752  19.6025  19.0284
  14.4952  15.2146  15.5026  16.6943  18.4775  19.1745  19.6748  19.6026  19.0026
  14.4919  15.2139  15.5055  16.6831  18.4676  19.1541  19.6745  19.6024  18.9601
  14.4862  15.2135  15.5042  16.6821  18.4071  19.1293  19.6746  19.6019  18.8897
  14.4808  15.2118  15.5036  16.6773  18.3735  19.1070  19.6750  19.6011  18.8204
  14.4787  15.2098  15.4989  16.6748  18.3714  19.0823  19.6753  19.6004  18.7603
  14.4761  15.2094  15.4978  16.6668  18.3762  19.0547  19.6753  19.6001  18.7084
  14.4753  15.2075  15.4909  16.6587  18.3826  19.0328  19.6754  19.5997  18.6689
  14.4728  15.2063  15.4762  16.6354  18.3984  19.0184  19.6750  19.5994  18.6412
  14.4666  15.2055  15.4598  16.6181  18.4061  19.0096  19.6740  19.5989  18.6197
  14.4518  15.1839  15.4404  16.6078  18.3981  19.0035  19.6728  19.5983  18.5982
  14.2453  15.1620  15.4326  16.6008  18.3869  18.9974  19.6719  19.5982  18.5767
  12.8366  14.7783  15.4182  16.5933  18.3837  18.9908  19.6715  19.5979  18.5585
  12.2584  14.3481  15.4136  16.5877  18.3754  18.9851  19.6708  19.5974  18.5473
  12.0065  14.1153  15.4114  16.5850  18.3569  18.9798  19.6700  19.5970  18.5418
  11.7960  13.1984  15.4072  16.5817  18.3344  18.9731  19.6692  19.5968  18.5381
  11.4139  10.9771  15.4027  16.5820  18.3325  18.9630  19.6682  19.5967  18.5345
   8.9743   8.3033  15.3944  16.5807  18.3368  18.9433  19.6671  19.5965  18.5305
   7.2092   7.0467  15.3585  16.5760  18.3467  18.8969  19.6650  19.5961  18.5246
   6.8009   5.7541  15.2098  16.5132  18.4235  18.8094  19.6624  19.5963  18.5158
   6.4799   5.4652  14.6689  16.3611  18.4772  18.7381  19.6605  19.5961  18.5024
   6.2117   5.3488  14.0430  16.2108  18.1295  18.7030  19.6597  19.5950  18.4826
   5.9312   5.2583  13.2407  16.1328  17.7783  18.6858  19.6594  19.5932  18.4572
   5.6760   4.9265  12.5646  16.0245  17.4643  18.6773  19.6591  19.5909  18.4291
   5.0977   4.6564  10.8154  15.8795  17.2474  18.6651  19.6569  19.5874  18.4093
   4.6627   4.5434   9.5975  15.7918  17.0924  18.6442  19.6512  19.5821  18.3947
   4.1681   4.3973   7.8871  15.3318  16.8962  18.6220  19.6373  19.5720  18.3778
   3.9856   4.0555   6.7564  14.3050  16.7068  18.6061  19.6142  19.5384  18.3553
   3.7187   3.8133   6.4674  13.1995  16.4680  18.5964  19.5718  19.4247  18.3291
   3.6594   3.6797   6.2716  12.1822  16.3787  18.5883  19.5073  19.2094  18.3067
   3.5524   3.4846   6.1044  11.4149  16.3427  18.5798  19.4109  18.9504  18.2944
   3.5011   3.4334   5.9276  10.7121  16.3244  18.5722  19.2809  18.7497  18.2907
   3.4304   3.3914   5.7763  10.2684  16.1523  18.5693  19.1411  18.5792  18.2909
   3.3157   3.3338   5.5865   9.9859  15.9739  18.5636  19.0238  18.4142  18.2923
   3.2367   3.2632   5.4217   9.7348  15.8837  18.5483  18.9214  18.2534  18.2943
   3.1862   3.2000   5.2527   9.1168  15.7554  18.4760  18.8222  18.1155  18.2996
   3.1762   3.1460   5.1508   8.4979  15.6308  18.2133  18.7163  17.9958  18.3073
   3.0965   3.0684   5.0178   8.1583  15.5084  17.8503  18.5963  17.8838  18.3188
   2.9521   2.9659   4.9197   7.6689  15.3777  17.5617  18.4866  17.7807  18.3385
   2.8488   2.9066   4.7681   7.5092  15.2529  17.3083  18.4027  17.6830  18.3872
   2.7831   2.8659   4.6604   7.3385  15.1476  17.0838  18.3036  17.6048  18.5047
   2.7210   2.8437   4.5776   7.3420  15.0720  16.9384  18.1779  17.5198  18.6559
   2.6586   2.8049   4.4940   7.3761  14.8773  16.8036  18.0440  17.4126  18.7411
   2.5895   2.7803   4.3567   7.3605  14.5811  16.6904  17.9323  17.3141  18.7033
   2.5021   2.7510   4.3102   7.3073  14.4573  16.5752  17.8399  17.2327  18.5880
   2.4354   2.6636   4.2969   7.1478  14.3588  16.4647  17.7578  17.1725  18.4604
   2.3853   2.6056   4.2765   7.0067  14.1820  16.3335  17.6736  17.1100  18.3473
   2.3482   2.5557   4.2310   6.8924  13.9455  16.2112  17.5869  17.0149  18.2576
   2.2809   2.5129   4.1780   6.7933  13.7230  16.1087  17.4890  16.8827  18.1733
   2.2138   2.4761   4.0852   6.5223  13.4579  15.9939  17.3709  16.7768  18.0760
   2.1644   2.4406   4.0518   6.4238  12.9940  15.8759  17.2366  16.7009  17.9378
   2.1234   2.4132   4.0397   6.3508  12.6399  15.7901  17.0998  16.6258  17.7607
   2.0432   2.4019   4.0171   6.2173  12.5619  15.7069  16.9636  16.5562  17.5777
   2.0048   2.3929   3.9721   6.1800  12.5520  15.5963  16.8277  16.5026  17.4277
   1.9754   2.3822   3.9327   6.1304  12.5462  15.4773  16.6858  16.4546  17.3061
   1.8972   2.3760   3.9211   6.0899  12.5286  15.3531  16.5435  16.3941  17.1859
   1.8734   2.3464   3.9141   6.0288  12.4924  15.2188  16.4195  16.3280  17.0721
   1.8540   2.3115   3.9018   5.9208  12.2716  15.1152  16.3191  16.2406  16.9619
   1.8019   2.2776   3.8838   5.7289  11.9519  15.0112  16.2310  16.1302  16.8623
   1.7588   2.2570   3.8646   5.3135  11.5897  14.9217  16.1396  15.9984  16.7814
   1.7167   2.2457   3.8363   4.8646  11.4088  14.8673  16.0472  15.8460  16.6435
   1.6867   2.2199   3.8313   4.6617  11.3869  14.8039  15.9558  15.6961  16.4186
   1.6670   2.1995   3.8299   4.5922  11.2667  14.7303  15.8660  15.5619  16.2058
   1.6485   2.1806   3.7616   4.5623  11.1117  14.6635  15.7735  15.4348  16.0405
   1.6092   2.1639   3.7212   4.5170  10.9007  14.5825  15.6809  15.3412  15.9128
   1.6002   2.1412   3.7003   4.4785  10.7107  14.4727  15.5793  15.2593  15.8014
   1.6044   2.1010   3.6584   4.4368  10.5230  14.3553  15.4596  15.1417  15.6941
   1.5993   2.0412   3.5853   4.3650  10.4525  14.2375  15.3174  14.9634  15.5700
   1.5863   2.0158   3.5467   4.2697  10.4196  14.1318  15.1770  14.7855  15.4291
   1.5537   2.0000   3.5175   4.1072  10.3750  14.0249  15.0474  14.6828  15.2807
   1.5445   1.9719   3.4763   3.9904  10.2542  13.9222  14.9414  14.6085  15.1267
   1.5448   1.9460   3.4115   3.9352   9.9834  13.8531  14.8531  14.5344  14.9689
   1.5459   1.9363   3.3498   3.8331   9.9027  13.7763  14.7890  14.4506  14.8029
   1.5484   1.9620   3.2800   3.7050   9.8513  13.6272  14.7401  14.3691  14.6374
   1.5487   1.9795   3.1804   3.6458   9.7791  13.4215  14.6977  14.2756  14.4788
   1.5532   1.9849   3.1204   3.6177   9.5939  13.2317  14.6538  14.1929  14.3524
   1.5515   2.0045   3.0733   3.5768   9.4802  13.0674  14.5963  14.1279  14.2597
   1.5516   1.9707   3.0596   3.5310   9.3368  12.9363  14.5183  14.0550  14.1877
   1.5523   1.8925   3.0445   3.4849   9.2784  12.8536  14.4178  13.9670  14.1209
   1.5532   1.8953   3.0166   3.4380   9.1908  12.7038  14.3173  13.8476  14.0510
   1.5526   1.8810   3.0079   3.4072   9.0588  12.5191  14.2135  13.6947  13.9711
   1.5487   1.9428   3.0026   3.3906   8.9697  12.3851  14.0945  13.5557  13.8864
   1.5400   1.9521   2.9807   3.3695   8.8512  12.2917  13.9656  13.4517  13.8079
   1.5281   1.9471   2.9082   3.2941   8.7365  12.2132  13.8451  13.3738  13.7427
   1.5090   1.9285   2.8539   3.2155   8.6879  12.1321  13.7371  13.3079  13.6886
   1.4997   1.9673   2.8268   3.1800   8.6275  12.0508  13.6319  13.2291  13.6415
   1.4981   1.9714   2.8061   3.1326   8.4379  11.9148  13.5213  13.1621  13.5876
   1.4977   1.9496   2.7463   3.0830   8.2573  11.7497  13.4129  13.0947  13.5359
   1.4971   1.9193   2.6737   2.9623   7.8955  11.6722  13.3208  13.0226  13.4925
   1.4899   1.9053   2.6276   2.8763   7.8114  11.5851  13.2322  12.9519  13.4490
   1.4824   1.8978   2.6081   2.8652   7.7320  11.4919  13.1454  12.8851  13.4018
   1.4774   1.8863   2.5971   2.8578   7.5380  11.4368  13.0542  12.8174  13.3166
   1.4684   1.8817   2.5958   2.8686   7.3465  11.3890  12.9555  12.7423  13.1849
   1.4575   1.8779   2.5869   2.8704   7.1137  11.3446  12.8467  12.6603  13.0903
   1.4547   1.8759   2.5363   2.8066   6.9340  11.2902  12.7296  12.6017  13.0367
   1.4539   1.8758   2.5123   2.7127   6.8364  11.2342  12.6092  12.5459  12.9890
   1.4511   1.8706   2.5110   2.6508   6.7632  11.1702  12.5005  12.4729  12.9416
   1.4517   1.8513   2.4770   2.6111   6.6849  11.0625  12.4128  12.3879  12.8972
   1.4504   1.8329   2.4449   2.5957   6.4103  10.9083  12.3603  12.2999  12.8626
   1.4475   1.8173   2.4352   2.5769   6.2811  10.8084  12.3186  12.2096  12.8219
   1.4417   1.8029   2.4203   2.5627   6.1588  10.7301  12.2793  12.1369  12.7699
   1.4326   1.7892   2.3924   2.5415   6.0063  10.6613  12.2384  12.0865  12.7151
   1.4325   1.7809   2.3397   2.5096   5.9744  10.5876  12.1982  12.0557  12.6590
   1.4231   1.7715   2.3227   2.4815   5.8770  10.5205  12.1581  12.0308  12.5984
   1.4199   1.7659   2.3149   2.4587   5.6623  10.4373  12.1154  12.0018  12.5542
   1.4153   1.7626   2.3024   2.4443   5.4979  10.3499  12.0599  11.9913  12.5228
   1.4127   1.7574   2.2962   2.4235   5.3188  10.2620  11.9850  11.9872  12.5024
   1.4021   1.7473   2.2893   2.4116   5.1272  10.1848  11.9109  11.9755  12.4842
   1.3987   1.7306   2.2609   2.3973   5.0962  10.1066  11.8376  11.9498  12.4600
   1.3971   1.7140   2.2364   2.3853   5.0645  10.0042  11.7725  11.9261  12.4139
   1.3974   1.7109   2.2288   2.3701   4.9919   9.8621  11.7168  11.9018  12.3560
   1.3972   1.7053   2.2275   2.3579   4.7664   9.6492  11.6677  11.8734  12.3178
   1.3941   1.6894   2.2304   2.3274   4.6275   9.3448  11.6186  11.8285  12.3034
   1.3936   1.6812   2.2313   2.2997   4.5703   9.0658  11.5725  11.7840  12.2952
   1.3930   1.6608   2.2326   2.2903   4.5017   8.8683  11.5352  11.7438  12.2903
   1.3905   1.6327   2.2400   2.2737   4.3965   8.7331  11.5077  11.7092  12.2871
   1.3869   1.6194   2.2375   2.2503   4.2996   8.5814  11.4822  11.6515  12.2759
   1.3841   1.6096   2.2183   2.2274   4.2021   8.4235  11.4576  11.5916  12.2456
   1.3826   1.6106   2.1781   2.2067   4.0453   8.2538  11.4320  11.5477  12.2046
   1.3785   1.6123   2.1619   2.1951   3.9566   8.1029  11.4007  11.5114  12.1677
   1.3747   1.6104   2.1604   2.1851   3.8735   8.0151  11.3633  11.4717  12.1382
   1.3746   1.6046   2.1597   2.1638   3.8076   7.9348  11.3205  11.4125  12.1080
   1.3673   1.6088   2.1578   2.1420   3.7446   7.8047  11.2771  11.3493  12.0693
   1.3526   1.6081   2.1574   2.1229   3.6284   7.6159  11.2326  11.2864  12.0175
   1.3406   1.6069   2.1568   2.1010   3.5539   7.4386  11.1838  11.2042  11.9552
   1.3183   1.6044   2.1535   2.0868   3.4606   7.2913  11.1246  11.0952  11.8908
   1.3043   1.5987   2.1519   2.0816   3.4104   7.1865  11.0620  10.9635  11.8365
   1.3009   1.5845   2.1496   2.0697   3.3595   7.1066  10.9950  10.8419  11.7930
   1.2954   1.5770   2.1398   2.0603   3.2942   7.0355  10.9224  10.7608  11.7485
   1.2882   1.5743   2.1072   2.0370   3.2302   6.9776  10.8434  10.6930  11.7003
   1.2804   1.5727   2.0923   1.9775   3.1285   6.9149  10.7578  10.6161  11.6425
   1.2675   1.5723   2.0775   1.9436   3.0885   6.8586  10.6570  10.5641  11.5784
   1.2632   1.5719   2.0661   1.9108   3.0484   6.8357  10.5516  10.5221  11.5099
   1.2595   1.5679   2.0623   1.8694   2.9883   6.8279  10.4503  10.4821  11.4402
   1.2584   1.5615   2.0496   1.8563   2.8951   6.8230  10.3521  10.4092  11.3705
   1.2572   1.5556   2.0209   1.8360   2.8455   6.8097  10.2534  10.2620  11.2927
   1.2560   1.5481   2.0169   1.8184   2.8365   6.7936  10.1527  10.1551  11.1944
   1.2558   1.5442   2.0146   1.8060   2.8322   6.7681  10.0524  10.0804  11.0937
   1.2509   1.5395   2.0137   1.7898   2.8332   6.7024   9.9568  10.0257  11.0057
   1.2483   1.5351   2.0007   1.7804   2.8234   6.6146   9.8629   9.9611  10.9338
   1.2463   1.5254   1.9786   1.7749   2.7346   6.5438   9.7618   9.9050  10.8631
   1.2376   1.5220   1.9699   1.7645   2.6966   6.4853   9.6432   9.8687  10.7796
   1.2283   1.5185   1.9598   1.7516   2.6548   6.4295   9.4938   9.8372  10.6755
   1.2262   1.5041   1.9545   1.7351   2.6188   6.3462   9.3216   9.8116  10.5712
   1.2260   1.4846   1.9435   1.7179   2.5091   6.2239   9.1558   9.7862  10.4787
   1.2260   1.4756   1.9327   1.7075   2.4855   6.0766   9.0271   9.7712  10.3978
   1.2258   1.4736   1.9189   1.6997   2.4763   5.9310   8.9335   9.7650  10.3241
   1.2255   1.4716   1.9008   1.6913   2.4737   5.7992   8.8606   9.7639  10.2525
   1.2240   1.4667   1.8860   1.6838   2.4735   5.6827   8.8092   9.7512  10.1900
   1.2217   1.4577   1.8673   1.6776   2.4605   5.5579   8.7718   9.7364  10.1445
   1.2201   1.4530   1.8341   1.6684   2.3801   5.4469   8.7476   9.7240  10.1068
   1.2166   1.4515   1.8191   1.6623   2.3070   5.3471   8.7257   9.7055  10.0627
   1.2118   1.4501   1.8154   1.6606   2.2632   5.2358   8.6949   9.6853   9.9949
   1.2060   1.4481   1.8157   1.6512   2.2373   5.1261   8.6403   9.6693   9.9183
   1.2021   1.4423   1.8179   1.6372   2.2153   5.0033   8.5658   9.6558   9.8503
   1.1961   1.4378   1.8177   1.6155   2.1918   4.9064   8.4733   9.6409   9.7822
   1.1931   1.4371   1.8148   1.5956   2.1560   4.8328   8.3675   9.6274   9.7079
   1.1890   1.4329   1.8133   1.5905   2.0939   4.7696   8.2659   9.6209   9.6417
   1.1811   1.4316   1.7897   1.5875   2.0687   4.7100   8.1789   9.6239   9.5726
   1.1776   1.4299   1.7861   1.5811   2.0633   4.6406   8.0964   9.6359   9.5102
   1.1734   1.4305   1.7867   1.5699   2.0620   4.5745   7.9854   9.6448   9.4604
   1.1693   1.4319   1.7831   1.5606   2.0579   4.5349   7.8415   9.6601   9.4140
   1.1687   1.4348   1.7701   1.5514   2.0485   4.5037   7.6831   9.6923   9.3758
   1.1645   1.4257   1.7652   1.5310   2.0340   4.4706   7.5451   9.7244   9.3476
   1.1629   1.4201   1.7501   1.5177   2.0113   4.4318   7.4462   9.7413   9.3285
   1.1596   1.4226   1.7335   1.5030   2.0027   4.3760   7.3272   9.7483   9.3143
   1.1572   1.4285   1.7256   1.4950   1.9992   4.2869   7.1735   9.7495   9.3027
   1.1534   1.4289   1.7223   1.4773   1.9807   4.1972   7.0227   9.7444   9.2915
   1.1479   1.4264   1.7191   1.4676   1.9670   4.1019   6.8987   9.7245   9.2803
   1.1444   1.4250   1.7116   1.4594   1.9630   4.0160   6.7786   9.6836   9.2654
   1.1392   1.4230   1.7077   1.4523   1.9494   3.9812   6.6544   9.6380   9.2376
   1.1337   1.4207   1.7077   1.4441   1.9233   3.9488   6.5102   9.5986   9.2040
   1.1287   1.4166   1.7031   1.4345   1.8975   3.9056   6.3448   9.5551   9.1733
   1.1255   1.4147   1.7004   1.4331   1.8834   3.8557   6.1622   9.4996   9.1382
   1.1208   1.4168   1.6961   1.4337   1.8793   3.8039   5.9865   9.4624   9.0961
   1.1166   1.4121   1.6841   1.4322   1.8787   3.7279   5.8287   9.4452   9.0491
   1.1084   1.4029   1.6796   1.4223   1.8783   3.6574   5.6946   9.4328   9.0033
   1.1029   1.4018   1.6789   1.4136   1.8766   3.6147   5.5853   9.4198   8.9588
   1.1009   1.4042   1.6773   1.4083   1.8750   3.5703   5.4858   9.4032   8.9149
   1.1005   1.4050   1.6689   1.3911   1.8739   3.5286   5.3921   9.3858   8.8693
   1.0985   1.4004   1.6456   1.3796   1.8717   3.4848   5.3040   9.3615   8.8141
   1.0953   1.3959   1.6334   1.3769   1.8719   3.4393   5.2326   9.3300   8.7213
   1.0913   1.3932   1.6323   1.3732   1.8713   3.4105   5.1795   9.3005   8.5727
   1.0893   1.3897   1.6294   1.3674   1.8687   3.3905   5.1388   9.2760   8.4038
   1.0859   1.3849   1.6233   1.3611   1.8655   3.3680   5.1067   9.2484   8.2341
   1.0799   1.3790   1.6106   1.3545   1.8619   3.3428   5.0731   9.2175   8.0654
   1.0778   1.3737   1.6038   1.3520   1.8494   3.3192   5.0305   9.1915   7.8718
   1.0739   1.3718   1.5893   1.3543   1.8325   3.2844   4.9797   9.1740   7.6992
   1.0669   1.3649   1.5722   1.3528   1.8236   3.2068   4.9053   9.1547   7.5641
   1.0637   1.3631   1.5638   1.3459   1.8127   3.1087   4.7916   9.1323   7.4615
   1.0573   1.3580   1.5575   1.3408   1.7990   3.0033   4.6588   9.1155   7.3827
   1.0576   1.3522   1.5607   1.3373   1.7985   2.9137   4.5518   9.1039   7.3144
   1.0514   1.3484   1.5613   1.3266   1.7982   2.8521   4.4642   9.0954   7.2574
   1.0496   1.3434   1.5613   1.3274   1.7981   2.8110   4.3801   9.0906   7.2033
   1.0436   1.3391   1.5601   1.3263   1.7978   2.7857   4.2930   9.0813   7.1400
   1.0359   1.3349   1.5612   1.3100   1.7967   2.7658   4.2123   9.0485   7.0620
   1.0359   1.3320   1.5607   1.2977   1.7927   2.7477   4.1354   8.9814   6.9511
   1.0398   1.3266   1.5560   1.2750   1.7639   2.7290   4.0659   8.8807   6.8274
   1.0466   1.3216   1.5413   1.2719   1.7376   2.6995   4.0095   8.7747   6.7280
   1.0451   1.3173   1.5355   1.2723   1.7253   2.6348   3.9644   8.5937   6.6539
   1.0392   1.3110   1.5312   1.2753   1.6972   2.5336   3.9215   8.3380   6.6017
   1.0345   1.3051   1.5214   1.2707   1.6688   2.4558   3.8735   8.1152   6.5563
   1.0296   1.3025   1.5119   1.2666   1.6399   2.4195   3.8048   7.9149   6.4692
   1.0213   1.2969   1.5086   1.2547   1.6222   2.3965   3.7017   7.7266   6.3786
   1.0184   1.2875   1.5072   1.2509   1.6124   2.3774   3.5860   7.6100   6.3299
   1.0189   1.2827   1.5013   1.2435   1.6077   2.3612   3.4744   7.5331   6.2952
   1.0165   1.2740   1.4931   1.2361   1.6039   2.3449   3.3776   7.4293   6.2684
   1.0144   1.2673   1.4854   1.2465   1.5950   2.3249   3.2910   7.3284   6.2362
   1.0114   1.2649   1.4847   1.2461   1.5856   2.2864   3.2165   7.2356   6.1779
   1.0069   1.2610   1.4831   1.2260   1.5715   2.2436   3.1547   7.1473   6.1093
   1.0031   1.2465   1.4808   1.2112   1.5532   2.2137   3.1105   7.0555   6.0433
   0.9980   1.2400   1.4779   1.2037   1.5462   2.1942   3.0734   6.9465   5.9901
   0.9954   1.2337   1.4730   1.1975   1.5388   2.1696   3.0369   6.8250   5.9595
   0.9938   1.2277   1.4684   1.1861   1.5309   2.1457   2.9960   6.6934   5.9369
   0.9928   1.2243   1.4649   1.1835   1.5268   2.1252   2.9552   6.5925   5.8776
   0.9922   1.2216   1.4620   1.1837   1.5244   2.1020   2.9180   6.4934   5.8201
   0.9897   1.2190   1.4602   1.1843   1.5232   2.0698   2.8791   6.3910   5.7805
   0.9819   1.2147   1.4590   1.1836   1.5220   2.0289   2.8388   6.3098   5.7339
   0.9784   1.2069   1.4572   1.1778   1.5190   2.0009   2.8009   6.2483   5.6595
   0.9752   1.2003   1.4471   1.1722   1.5181   1.9858   2.7606   6.2066   5.5412
   0.9727   1.1997   1.4445   1.1691   1.5154   1.9791   2.7106   6.1777   5.3924
   0.9701   1.1997   1.4441   1.1605   1.5123   1.9750   2.6472   6.1426   5.2307
   0.9684   1.1948   1.4434   1.1470   1.4931   1.9705   2.5816   6.0974   5.0864
   0.9680   1.1880   1.4421   1.1391   1.4791   1.9626   2.5289   6.0505   4.9592
   0.9661   1.1801   1.4403   1.1397   1.4771   1.9516   2.4864   6.0010   4.8589
   0.9632   1.1729   1.4374   1.1331   1.4763   1.9381   2.4473   5.9594   4.7773
   0.9614   1.1686   1.4347   1.1257   1.4753   1.9227   2.4078   5.9253   4.7086
   0.9594   1.1630   1.4311   1.1205   1.4741   1.9085   2.3707   5.8544   4.6143
   0.9568   1.1578   1.4261   1.1132   1.4729   1.8926   2.3358   5.7771   4.4983
   0.9547   1.1561   1.4232   1.1077   1.4709   1.8687   2.3062   5.7168   4.4027
   0.9530   1.1548   1.4223   1.1059   1.4686   1.8499   2.2808   5.6430   4.3249
   0.9481   1.1505   1.4209   1.0980   1.4672   1.8333   2.2590   5.4865   4.2459
   0.9459   1.1436   1.4192   1.0935   1.4663   1.8022   2.2405   5.3787   4.1495
   0.9431   1.1365   1.4152   1.0861   1.4606   1.7746   2.2241   5.3096   4.0463
   0.9414   1.1313   1.4120   1.0844   1.4564   1.7570   2.2080   5.1765   3.9440
   0.9403   1.1268   1.4108   1.0819   1.4540   1.7370   2.1898   4.9853   3.8539
   0.9371   1.1221   1.4129   1.0751   1.4458   1.7147   2.1695   4.8064   3.7747
   0.9318   1.1205   1.4120   1.0598   1.4381   1.6950   2.1473   4.5962   3.7121
   0.9299   1.1177   1.3992   1.0525   1.4361   1.6727   2.1248   4.4115   3.6545
   0.9286   1.1146   1.3903   1.0503   1.4304   1.6497   2.1044   4.3327   3.5992
   0.9274   1.1121   1.3896   1.0462   1.4278   1.6314   2.0880   4.2898   3.5567
   0.9262   1.1080   1.3876   1.0440   1.4257   1.6221   2.0753   4.2029   3.5305
   0.9246   1.1059   1.3865   1.0370   1.4237   1.6163   2.0612   4.1234   3.5101
   0.9241   1.1025   1.3841   1.0300   1.4210   1.6144   2.0441   4.0723   3.4943
   0.9234   1.0982   1.3822   1.0254   1.4136   1.6104   2.0250   4.0320   3.4806
   0.9209   1.0963   1.3798   1.0228   1.4081   1.6002   2.0069   3.9665   3.4623
   0.9182   1.0921   1.3789   1.0228   1.4066   1.5941   1.9920   3.8169   3.4300
   0.9155   1.0886   1.3756   1.0222   1.4057   1.5912   1.9798   3.6847   3.3773
   0.9142   1.0866   1.3682   1.0208   1.4034   1.5931   1.9636   3.5999   3.3113
   0.9125   1.0855   1.3559   1.0184   1.4027   1.6006   1.9456   3.5221   3.2360
   0.9110   1.0822   1.3500   1.0163   1.4021   1.6088   1.9282   3.4594   3.1572
   0.9091   1.0807   1.3393   1.0144   1.4010   1.6163   1.9081   3.4220   3.0685
   0.9026   1.0793   1.3308   1.0122   1.3991   1.6217   1.8859   3.3950   2.9694
   0.9015   1.0762   1.3265   1.0058   1.3977   1.6234   1.8653   3.3164   2.8718
   0.9005   1.0751   1.3241   1.0023   1.3962   1.6230   1.8457   3.1975   2.7919
   0.8968   1.0712   1.3225   0.9997   1.3946   1.6217   1.8289   3.1361   2.7313
   0.8943   1.0690   1.3186   0.9980   1.3933   1.6197   1.8172   3.1015   2.6927
   0.8936   1.0667   1.3135   0.9953   1.3910   1.6184   1.8093   3.0716   2.6588
   0.8930   1.0619   1.3054   0.9927   1.3886   1.6180   1.8003   3.0599   2.6055
   0.8901   1.0575   1.2986   0.9900   1.3854   1.6174   1.7903   3.0515   2.5339
   0.8889   1.0571   1.2886   0.9841   1.3821   1.6170   1.7808   3.0444   2.4591
   0.8852   1.0569   1.2801   0.9807   1.3786   1.6165   1.7714   3.0354   2.3958
   0.8787   1.0535   1.2772   0.9779   1.3753   1.6154   1.7611   3.0180   2.3377
   0.8771   1.0440   1.2739   0.9756   1.3743   1.6142   1.7519   2.9802   2.2882
   0.8748   1.0417   1.2719   0.9721   1.3731   1.6130   1.7427   2.9107   2.2453
   0.8736   1.0398   1.2700   0.9708   1.3720   1.6114   1.7335   2.8328   2.2024
   0.8723   1.0350   1.2596   0.9689   1.3716   1.6096   1.7257   2.7465   2.1686
   0.8679   1.0313   1.2503   0.9646   1.3681   1.6053   1.7193   2.6343   2.1417
   0.8693   1.0295   1.2472   0.9633   1.3664   1.6002   1.7138   2.5366   2.1199
   0.8708   1.0260   1.2468   0.9632   1.3654   1.5957   1.7060   2.4820   2.1017
   0.8712   1.0222   1.2399   0.9624   1.3644   1.5903   1.6962   2.4498   2.0877
   0.8707   1.0204   1.2361   0.9589   1.3625   1.5830   1.6881   2.4129   2.0770
   0.8700   1.0185   1.2352   0.9550   1.3600   1.5742   1.6823   2.3531   2.0663
   0.8725   1.0157   1.2336   0.9514   1.3581   1.5626   1.6778   2.2955   2.0543
   0.8766   1.0132   1.2328   0.9485   1.3552   1.5532   1.6726   2.2650   2.0449
   0.8776   1.0113   1.2312   0.9467   1.3517   1.5466   1.6655   2.2458   2.0369
   0.8780   1.0088   1.2266   0.9457   1.3484   1.5411   1.6545   2.2242   2.0279
   0.8779   1.0058   1.2207   0.9448   1.3426   1.5349   1.6431   2.2097   2.0152
   0.8748   1.0048   1.2144   0.9445   1.3402   1.5298   1.6311   2.1975   2.0000
   0.8711   1.0002   1.2088   0.9433   1.3388   1.5250   1.6175   2.1886   1.9811
   0.8689   0.9912   1.2003   0.9417   1.3370   1.5196   1.6017   2.1837   1.9571
   0.8678   0.9864   1.1940   0.9418   1.3354   1.5107   1.5867   2.1764   1.9271
   0.8678   0.9844   1.1904   0.9421   1.3345   1.4980   1.5745   2.1729   1.8986
   0.8681   0.9837   1.1914   0.9420   1.3325   1.4848   1.5626   2.1683   1.8764
   0.8671   0.9808   1.1930   0.9415   1.3298   1.4729   1.5531   2.1572   1.8442
   0.8634   0.9802   1.1928   0.9405   1.3287   1.4641   1.5461   2.1421   1.7980
   0.8545   0.9786   1.1901   0.9396   1.3272   1.4566   1.5394   2.1304   1.7582
   0.8497   0.9764   1.1855   0.9366   1.3262   1.4500   1.5328   2.1175   1.7184
   0.8489   0.9736   1.1802   0.9347   1.3245   1.4444   1.5265   2.0979   1.6811
   0.8486   0.9694   1.1788   0.9333   1.3231   1.4397   1.5209   2.0789   1.6466
   0.8492   0.9677   1.1787   0.9315   1.3213   1.4365   1.5160   2.0572   1.6184
   0.8494   0.9648   1.1784   0.9300   1.3196   1.4341   1.5108   2.0374   1.5983
   0.8486   0.9590   1.1775   0.9261   1.3168   1.4318   1.5057   2.0238   1.5819
   0.8442   0.9572   1.1755   0.9173   1.3145   1.4291   1.5014   2.0047   1.5623
   0.8406   0.9569   1.1738   0.9140   1.3139   1.4263   1.4973   1.9754   1.5370
   0.8403   0.9563   1.1723   0.9067   1.3123   1.4231   1.4928   1.9547   1.5135
   0.8421   0.9524   1.1691   0.9019   1.3119   1.4176   1.4876   1.9330   1.4955
   0.8403   0.9489   1.1632   0.9018   1.3115   1.4120   1.4816   1.9090   1.4776
   0.8396   0.9466   1.1575   0.9016   1.3102   1.4089   1.4746   1.8860   1.4595
   0.8403   0.9461   1.1448   0.9004   1.3063   1.4066   1.4665   1.8662   1.4432
   0.8412   0.9434   1.1363   0.8979   1.3038   1.4044   1.4570   1.8526   1.4303
   0.8397   0.9410   1.1324   0.8967   1.3030   1.4019   1.4471   1.8441   1.4161
   0.8374   0.9404   1.1258   0.8968   1.3021   1.3983   1.4389   1.8343   1.3988
   0.8357   0.9417   1.1255   0.8959   1.3009   1.3928   1.4325   1.8268   1.3836
   0.8341   0.9450   1.1253   0.8957   1.2990   1.3854   1.4269   1.8180   1.3684
   0.8316   0.9428   1.1201   0.8923   1.2974   1.3793   1.4215   1.8080   1.3538
   0.8292   0.9406   1.1173   0.8867   1.2949   1.3760   1.4170   1.7982   1.3397
   0.8268   0.9385   1.1180   0.8860   1.2910   1.3733   1.4133   1.7875   1.3226
   0.8240   0.9355   1.1265   0.8849   1.2882   1.3697   1.4089   1.7746   1.3023
   0.8198   0.9334   1.1213   0.8829   1.2840   1.3632   1.4049   1.7585   1.2864
   0.8163   0.9296   1.1125   0.8807   1.2803   1.3526   1.4009   1.7401   1.2763
   0.8147   0.9260   1.1054   0.8780   1.2755   1.3437   1.3972   1.7243   1.2629
   0.8116   0.9227   1.1026   0.8766   1.2738   1.3384   1.3922   1.7178   1.2414
   0.8102   0.9194   1.0974   0.8717   1.2725   1.3328   1.3871   1.7144   1.2120
   0.8099   0.9151   1.0903   0.8660   1.2719   1.3257   1.3812   1.7119   1.1862
   0.8086   0.9165   1.0858   0.8647   1.2713   1.3197   1.3745   1.6996   1.1696
   0.8084   0.9177   1.0847   0.8622   1.2699   1.3156   1.3681   1.6747   1.1561
   0.8083   0.9178   1.0810   0.8616   1.2686   1.3134   1.3630   1.6565   1.1401
   0.8102   0.9164   1.0805   0.8603   1.2674   1.3106   1.3587   1.6460   1.1220
   0.8131   0.9135   1.0797   0.8591   1.2645   1.3035   1.3546   1.6332   1.1024
   0.8115   0.9114   1.0763   0.8581   1.2613   1.2977   1.3504   1.6198   1.0832
   0.8110   0.9106   1.0759   0.8565   1.2575   1.2937   1.3462   1.6088   1.0671
   0.8104   0.9101   1.0723   0.8560   1.2538   1.2895   1.3420   1.5950   1.0550
   0.8092   0.9077   1.0627   0.8546   1.2484   1.2848   1.3375   1.5742   1.0456
   0.8084   0.9063   1.0513   0.8537   1.2469   1.2801   1.3327   1.5615   1.0370
   0.8075   0.9058   1.0504   0.8507   1.2460   1.2761   1.3264   1.5545   1.0267
   0.8049   0.9057   1.0497   0.8489   1.2447   1.2719   1.3187   1.5503   1.0147
   0.8019   0.9052   1.0502   0.8479   1.2440   1.2678   1.3106   1.5448   1.0038
   0.8011   0.9049   1.0477   0.8474   1.2432   1.2643   1.3039   1.5323   0.9954
   0.7992   0.9049   1.0368   0.8465   1.2427   1.2603   1.2993   1.5232   0.9884
   0.7979   0.9021   1.0312   0.8404   1.2410   1.2546   1.2964   1.5189   0.9817
   0.7974   0.9031   1.0287   0.8385   1.2384   1.2497   1.2937   1.5129   0.9751
   0.7975   0.9040   1.0298   0.8384   1.2362   1.2429   1.2910   1.4977   0.9701
   0.8022   0.9009   1.0277   0.8385   1.2351   1.2344   1.2880   1.4872   0.9670
   0.8039   0.8937   1.0207   0.8384   1.2347   1.2259   1.2843   1.4783   0.9643
   0.8033   0.8910   1.0139   0.8379   1.2342   1.2174   1.2819   1.4706   0.9619
   0.8013   0.8897   1.0090   0.8359   1.2316   1.2087   1.2797   1.4637   0.9593
   0.8011   0.8866   1.0041   0.8312   1.2196   1.1974   1.2774   1.4587   0.9544
   0.7999   0.8833   0.9974   0.8246   1.2161   1.1854   1.2732   1.4528   0.9462
   0.7982   0.8811   0.9925   0.8210   1.2136   1.1783   1.2679   1.4444   0.9359
   0.7958   0.8791   0.9887   0.8183   1.2099   1.1685   1.2617   1.4317   0.9238
   0.7955   0.8736   0.9880   0.8165   1.2083   1.1570   1.2544   1.4237   0.9131
   0.7945   0.8680   0.9849   0.8157   1.2069   1.1456   1.2448   1.4188   0.9052
   0.7939   0.8649   0.9800   0.8151   1.2062   1.1335   1.2332   1.4148   0.8998
   0.7933   0.8629   0.9744   0.8149   1.2057   1.1219   1.2233   1.4103   0.8951
   0.7923   0.8618   0.9716   0.8148   1.2043   1.1100   1.2155   1.4044   0.8910
   0.7915   0.8615   0.9688   0.8144   1.2033   1.1006   1.2089   1.3976   0.8876
   0.7889   0.8620   0.9670   0.8143   1.2023   1.0930   1.2042   1.3921   0.8842
   0.7885   0.8623   0.9653   0.8131   1.1983   1.0886   1.2002   1.3889   0.8808
   0.7886   0.8606   0.9633   0.8116   1.1964   1.0860   1.1969   1.3842   0.8779
   0.7876   0.8588   0.9599   0.8104   1.1946   1.0824   1.1940   1.3747   0.8743
   0.7832   0.8560   0.9563   0.8102   1.1928   1.0779   1.1903   1.3690   0.8696
   0.7812   0.8525   0.9548   0.8088   1.1921   1.0748   1.1873   1.3668   0.8652
   0.7808   0.8509   0.9526   0.8078   1.1902   1.0722   1.1849   1.3633   0.8608
   0.7807   0.8479   0.9499   0.8074   1.1863   1.0700   1.1833   1.3556   0.8551
   0.7772   0.8442   0.9478   0.8067   1.1844   1.0684   1.1819   1.3486   0.8464
   0.7784   0.8427   0.9466   0.8064   1.1815   1.0675   1.1801   1.3400   0.8358
   0.7807   0.8419   0.9441   0.8060   1.1796   1.0661   1.1775   1.3273   0.8260
   0.7805   0.8419   0.9425   0.8058   1.1785   1.0641   1.1742   1.3200   0.8186
   0.7793   0.8412   0.9399   0.8052   1.1777   1.0627   1.1717   1.3151   0.8110
   0.7744   0.8400   0.9396   0.8050   1.1764   1.0617   1.1697   1.3111   0.8043
   0.7698   0.8384   0.9392   0.8048   1.1752   1.0601   1.1678   1.3069   0.7987
   0.7670   0.8368   0.9388   0.8038   1.1737   1.0585   1.1659   1.3007   0.7942
   0.7647   0.8365   0.9379   0.8034   1.1708   1.0571   1.1642   1.2929   0.7908
   0.7653   0.8363   0.9358   0.8034   1.1649   1.0556   1.1628   1.2864   0.7871
   0.7686   0.8355   0.9338   0.8024   1.1589   1.0541   1.1615   1.2800   0.7828
   0.7658   0.8344   0.9304   0.7985   1.1536   1.0522   1.1604   1.2728   0.7794
   0.7622   0.8325   0.9232   0.7968   1.1522   1.0501   1.1592   1.2634   0.7759
   0.7601   0.8305   0.9212   0.7956   1.1518   1.0476   1.1580   1.2521   0.7718
   0.7593   0.8281   0.9172   0.7943   1.1504   1.0455   1.1567   1.2412   0.7683
   0.7580   0.8271   0.9147   0.7937   1.1497   1.0427   1.1551   1.2322   0.7665
   0.7541   0.8252   0.9123   0.7931   1.1489   1.0380   1.1528   1.2237   0.7651
   0.7522   0.8235   0.9109   0.7928   1.1481   1.0344   1.1502   1.2177   0.7632
   0.7514   0.8191   0.9096   0.7925   1.1474   1.0309   1.1475   1.2130   0.7605
   0.7509   0.8170   0.9078   0.7919   1.1471   1.0268   1.1446   1.2082   0.7563
   0.7495   0.8159   0.9063   0.7911   1.1460   1.0227   1.1406   1.2034   0.7497
   0.7471   0.8161   0.9054   0.7890   1.1444   1.0183   1.1357   1.1976   0.7447
   0.7459   0.8147   0.9046   0.7876   1.1421   1.0124   1.1295   1.1909   0.7411
   0.7465   0.8134   0.9044   0.7869   1.1376   1.0062   1.1210   1.1837   0.7380
   0.7477   0.8118   0.9038   0.7861   1.1361   1.0021   1.1134   1.1754   0.7354
   0.7470   0.8112   0.9025   0.7854   1.1348   0.9992   1.1064   1.1663   0.7331
   0.7474   0.8101   0.8999   0.7850   1.1291   0.9966   1.0993   1.1575   0.7309
   0.7484   0.8096   0.8974   0.7847   1.1252   0.9941   1.0914   1.1471   0.7296
   0.7478   0.8093   0.8945   0.7843   1.1227   0.9922   1.0818   1.1372   0.7287
   0.7464   0.8088   0.8925   0.7840   1.1210   0.9908   1.0724   1.1295   0.7279
   0.7471   0.8081   0.8916   0.7835   1.1208   0.9900   1.0641   1.1224   0.7262
   0.7477   0.8076   0.8911   0.7825   1.1208   0.9885   1.0566   1.1149   0.7240
   0.7478   0.8076   0.8909   0.7807   1.1180   0.9873   1.0501   1.1061   0.7221
   0.7474   0.8074   0.8913   0.7800   1.1151   0.9861   1.0433   1.0969   0.7198
   0.7464   0.8066   0.8916   0.7788   1.1121   0.9850   1.0378   1.0890   0.7163
   0.7455   0.8050   0.8901   0.7791   1.1074   0.9838   1.0341   1.0831   0.7119
   0.7435   0.8036   0.8886   0.7791   1.1048   0.9819   1.0308   1.0782   0.7077
   0.7418   0.8029   0.8878   0.7790   1.1026   0.9793   1.0276   1.0731   0.7046
   0.7415   0.8025   0.8867   0.7786   1.1005   0.9763   1.0241   1.0685   0.7013
   0.7398   0.8018   0.8847   0.7782   1.0978   0.9731   1.0208   1.0636   0.6975
   0.7357   0.8010   0.8825   0.7783   1.0961   0.9698   1.0177   1.0591   0.6943
   0.7317   0.7991   0.8807   0.7781   1.0953   0.9664   1.0149   1.0555   0.6917
   0.7333   0.7965   0.8803   0.7776   1.0935   0.9627   1.0124   1.0521   0.6896
   0.7365   0.7955   0.8785   0.7780   1.0905   0.9597   1.0100   1.0495   0.6864
   0.7320   0.7943   0.8756   0.7780   1.0887   0.9578   1.0077   1.0472   0.6821
   0.7301   0.7937   0.8709   0.7781   1.0872   0.9554   1.0051   1.0431   0.6788
   0.7293   0.7940   0.8676   0.7783   1.0822   0.9531   1.0025   1.0364   0.6761
   0.7228   0.7947   0.8654   0.7782   1.0806   0.9504   0.9996   1.0316   0.6735
   0.7242   0.7937   0.8623   0.7781   1.0791   0.9472   0.9972   1.0286   0.6714
   0.7233   0.7935   0.8618   0.7778   1.0772   0.9447   0.9950   1.0274   0.6682
   0.7124   0.7933   0.8617   0.7776   1.0726   0.9433   0.9934   1.0271   0.6629
   0.7054   0.7935   0.8614   0.7777   1.0688   0.9422   0.9922   1.0251   0.6566
   0.7055   0.7938   0.8603   0.7778   1.0679   0.9402   0.9912   1.0237   0.6504
   0.7140   0.7948   0.8591   0.7775   1.0665   0.9376   0.9897   1.0230   0.6447
   0.7150   0.7963   0.8589   0.7774   1.0652   0.9345   0.9878   1.0222   0.6404
   0.7120   0.7977   0.8583   0.7765   1.0588   0.9314   0.9854   1.0203   0.6371
   0.7097   0.7978   0.8573   0.7760   1.0568   0.9288   0.9829   1.0188   0.6354
   0.7066   0.7974   0.8558   0.7758   1.0567   0.9255   0.9804   1.0174   0.6345
   0.7042   0.7948   0.8530   0.7757   1.0560   0.9211   0.9784   1.0156   0.6338
   0.7037   0.7913   0.8513   0.7754   1.0534   0.9181   0.9767   1.0133   0.6331
   0.6989   0.7904   0.8508   0.7744   1.0486   0.9156   0.9755   1.0112   0.6324
   0.6983   0.7878   0.8513   0.7737   1.0457   0.9134   0.9747   1.0075   0.6317
   0.6970   0.7871   0.8522   0.7719   1.0439   0.9114   0.9740   1.0030   0.6309
   0.6953   0.7866   0.8529   0.7700   1.0426   0.9097   0.9738   0.9986   0.6299
   0.6928   0.7858   0.8522   0.7690   1.0426   0.9088   0.9733   0.9944   0.6294
   0.6917   0.7816   0.8494   0.7682   1.0404   0.9074   0.9727   0.9898   0.6290
   0.6907   0.7794   0.8483   0.7675   1.0383   0.9066   0.9705   0.9858   0.6285
   0.6840   0.7790   0.8475   0.7667   1.0378   0.9052   0.9652   0.9823   0.6279
   0.6797   0.7769   0.8467   0.7644   1.0375   0.9032   0.9580   0.9776   0.6270
   0.6760   0.7758   0.8463   0.7619   1.0352   0.9012   0.9525   0.9726   0.6260
   0.6734   0.7752   0.8442   0.7618   1.0324   0.8998   0.9489   0.9688   0.6251
   0.6715   0.7751   0.8422   0.7615   1.0304   0.8983   0.9457   0.9671   0.6242
   0.6711   0.7751   0.8448   0.7607   1.0282   0.8966   0.9422   0.9653   0.6238
   0.6702   0.7735   0.8437   0.7603   1.0266   0.8943   0.9388   0.9626   0.6238
   0.6690   0.7712   0.8429   0.7591   1.0255   0.8910   0.9356   0.9603   0.6235
   0.6680   0.7695   0.8418   0.7530   1.0235   0.8873   0.9327   0.9583   0.6231
   0.6662   0.7686   0.8403   0.7506   1.0176   0.8834   0.9304   0.9562   0.6224
   0.6648   0.7675   0.8389   0.7501   1.0150   0.8790   0.9287   0.9537   0.6220
   0.6634   0.7668   0.8373   0.7502   1.0145   0.8750   0.9276   0.9510   0.6214
   0.6627   0.7669   0.8354   0.7497   1.0141   0.8717   0.9265   0.9474   0.6206
   0.6617   0.7664   0.8332   0.7494   1.0139   0.8691   0.9255   0.9425   0.6197
   0.6605   0.7648   0.8277   0.7475   1.0133   0.8678   0.9241   0.9373   0.6194
   0.6596   0.7636   0.8254   0.7465   1.0109   0.8675   0.9227   0.9325   0.6191
   0.6591   0.7631   0.8248   0.7447   1.0084   0.8670   0.9210   0.9276   0.6191
   0.6579   0.7635   0.8254   0.7420   1.0071   0.8661   0.9195   0.9232   0.6187
   0.6565   0.7630   0.8235   0.7398   1.0040   0.8644   0.9178   0.9195   0.6178
   0.6547   0.7630   0.8206   0.7349   1.0014   0.8624   0.9149   0.9156   0.6167
   0.6534   0.7627   0.8204   0.7339   0.9999   0.8614   0.9103   0.9125   0.6154
   0.6530   0.7611   0.8201   0.7328   0.9976   0.8600   0.9050   0.9107   0.6143
   0.6527   0.7597   0.8198   0.7318   0.9961   0.8577   0.8990   0.9101   0.6129
   0.6520   0.7590   0.8193   0.7316   0.9949   0.8554   0.8935   0.9092   0.6115
   0.6509   0.7608   0.8180   0.7304   0.9935   0.8531   0.8891   0.9069   0.6105
   0.6496   0.7619   0.8181   0.7282   0.9922   0.8516   0.8849   0.9044   0.6098
   0.6489   0.7622   0.8178   0.7280   0.9900   0.8507   0.8821   0.9024   0.6092
   0.6472   0.7624   0.8190   0.7253   0.9873   0.8492   0.8806   0.9010   0.6085
   0.6464   0.7628   0.8199   0.7233   0.9867   0.8476   0.8796   0.8995   0.6077
   0.6462   0.7621   0.8175   0.7189   0.9855   0.8462   0.8787   0.8974   0.6070
   0.6452   0.7587   0.8151   0.7165   0.9848   0.8445   0.8778   0.8945   0.6066
   0.6444   0.7556   0.8145   0.7158   0.9840   0.8417   0.8766   0.8914   0.6064
   0.6436   0.7492   0.8107   0.7141   0.9835   0.8388   0.8755   0.8884   0.6065
   0.6432   0.7454   0.8075   0.7124   0.9831   0.8368   0.8745   0.8836   0.6063
   0.6428   0.7442   0.8063   0.7097   0.9789   0.8354   0.8731   0.8778   0.6059
   0.6422   0.7429   0.8056   0.7062   0.9745   0.8337   0.8720   0.8738   0.6051
   0.6416   0.7422   0.8054   0.7055   0.9737   0.8313   0.8707   0.8707   0.6043
   0.6413   0.7416   0.8052   0.7032   0.9735   0.8285   0.8695   0.8679   0.6037
   0.6406   0.7412   0.8052   0.7015   0.9734   0.8263   0.8680   0.8645   0.6031
   0.6399   0.7395   0.8052   0.7005   0.9711   0.8251   0.8663   0.8602   0.6017
   0.6390   0.7381   0.8050   0.6989   0.9699   0.8241   0.8648   0.8557   0.5993
   0.6373   0.7378   0.8036   0.6976   0.9692   0.8236   0.8631   0.8510   0.5953
   0.6354   0.7350   0.8033   0.6974   0.9666   0.8230   0.8620   0.8461   0.5905
   0.6342   0.7333   0.8035   0.6962   0.9629   0.8220   0.8608   0.8422   0.5878
   0.6327   0.7321   0.8029   0.6951   0.9621   0.8212   0.8596   0.8388   0.5869
   0.6318   0.7316   0.8026   0.6949   0.9609   0.8207   0.8584   0.8351   0.5860
   0.6307   0.7312   0.8016   0.6944   0.9604   0.8198   0.8574   0.8309   0.5848
   0.6291   0.7281   0.8007   0.6940   0.9595   0.8189   0.8561   0.8275   0.5830
   0.6280   0.7234   0.7997   0.6932   0.9588   0.8186   0.8541   0.8251   0.5807
   0.6268   0.7220   0.7995   0.6920   0.9584   0.8179   0.8512   0.8244   0.5786
   0.6243   0.7219   0.7992   0.6912   0.9583   0.8169   0.8481   0.8243   0.5772
   0.6222   0.7214   0.7992   0.6902   0.9580   0.8151   0.8454   0.8228   0.5766
   0.6213   0.7207   0.7994   0.6898   0.9574   0.8136   0.8432   0.8202   0.5760
   0.6206   0.7202   0.8000   0.6899   0.9565   0.8123   0.8413   0.8179   0.5755
   0.6186   0.7193   0.8000   0.6892   0.9553   0.8115   0.8399   0.8139   0.5751
   0.6163   0.7162   0.7997   0.6890   0.9518   0.8112   0.8386   0.8090   0.5747
   0.6149   0.7121   0.7992   0.6879   0.9435   0.8106   0.8376   0.8061   0.5747
   0.6133   0.7103   0.7989   0.6870   0.9393   0.8093   0.8366   0.8040   0.0000
   0.6119   0.7097   0.7978   0.6862   0.9366   0.8085   0.8355   0.8025   0.0000
   0.6105   0.7087   0.7934   0.6858   0.9343   0.8079   0.8338   0.8018   0.0000
   0.6090   0.7077   0.7915   0.6837   0.9336   0.8074   0.8321   0.8013   0.0000
   0.6077   0.7066   0.7900   0.6830   0.9326   0.8068   0.8305   0.7999   0.0000
   0.6060   0.7041   0.7882   0.6829   0.9311   0.8061   0.8286   0.7982   0.0000
   0.6049   0.7043   0.7871   0.6828   0.9283   0.8053   0.8265   0.7961   0.0000
   0.6041   0.7034   0.7863   0.6827   0.9265   0.8043   0.8240   0.7930   0.0000
   0.6034   0.7021   0.7853   0.6815   0.9253   0.8034   0.8218   0.7892   0.0000
   0.6024   0.6984   0.7849   0.6795   0.9249   0.8028   0.8199   0.7841   0.0000
   0.6015   0.6951   0.7832   0.6779   0.9238   0.8028   0.8181   0.7796   0.0000
   0.6010   0.6933   0.7826   0.6764   0.9226   0.8025   0.8162   0.7760   0.0000
   0.5995   0.6926   0.7826   0.6759   0.9223   0.8018   0.8144   0.7723   0.0000
   0.5981   0.6919   0.7811   0.6749   0.9218   0.8007   0.8129   0.7689   0.0000
   0.5971   0.6908   0.7787   0.6743   0.9214   0.8000   0.8119   0.7670   0.0000
   0.5959   0.6892   0.7762   0.6742   0.9208   0.7996   0.8114   0.7658   0.0000
   0.5952   0.6871   0.7759   0.6736   0.9198   0.7994   0.8109   0.7969   0.0000
   0.5941   0.6843   0.7758   0.6726   0.9191   0.7990   0.8104   0.7645   0.0000
   0.5933   0.6825   0.7757   0.6722   0.9185   0.7980   0.8095   0.7637   0.0000
   0.5931   0.6804   0.7753   0.6717   0.9182   0.7969   0.8085   0.7633   0.0000
   0.5927   0.6802   0.7746   0.6712   0.9177   0.7960   0.8069   0.7634   0.0000
   0.5922   0.6797   0.7739   0.6705   0.9171   0.7951   0.8050   0.7957   0.0000
   0.5916   0.6778   0.7736   0.6696   0.9166   0.7939   0.8032   0.7633   0.0000
   0.5905   0.6734   0.7736   0.6692   0.9159   0.7932   0.8007   0.7624   0.0000
   0.5888   0.6709   0.7740   0.6687   0.9155   0.7932   0.7978   0.7613   0.0000
   0.5872   0.6684   0.7748   0.6685   0.9150   0.7932   0.7948   0.7602   0.0000
   0.5853   0.6674   0.7757   0.6682   0.9143   0.7932   0.7924   0.7589   0.0000
   0.5831   0.6658   0.7762   0.6665   0.9139   0.7929   0.7903   0.7575   0.0000
   0.5821   0.6613   0.7757   0.6643   0.9137   0.7926   0.7883   0.7561   0.0000
   0.5817   0.6582   0.7748   0.6627   0.9135   0.7922   0.7870   0.7551   0.0000
   0.5811   0.6573   0.7728   0.6618   0.9134   0.7906   0.7861   0.7543   0.0000
   0.5804   0.6568   0.7708   0.6595   0.9118   0.7882   0.7855   0.7536   0.0000
   0.5796   0.6567   0.7694   0.6581   0.9099   0.7865   0.7843   0.7532   0.0000
   0.5790   0.6563   0.7687   0.6560   0.9056   0.7856   0.7828   0.7528   0.0000
   0.5778   0.6545   0.7688   0.6551   0.9004   0.7843   0.7810   0.7524   0.0000
   0.5767   0.6527   0.7686   0.6547   0.8970   0.7834   0.7792   0.7518   0.0000
   0.5752   0.6515   0.7670   0.6544   0.8928   0.7833   0.7777   0.7508   0.0000
   0.5733   0.6507   0.7662   0.6538   0.8907   0.7834   0.7761   0.7498   0.0000
   0.5712   0.6504   0.7647   0.6530   0.8901   0.7832   0.7746   0.7491   0.0000
   0.5697   0.6497   0.7631   0.6509   0.8895   0.7830   0.7732   0.7487   0.0000
   0.5687   0.6485   0.7618   0.6505   0.8889   0.7823   0.7715   0.7482   0.0000
   0.5674   0.6479   0.7609   0.6504   0.8884   0.7820   0.7689   0.7463   0.0000
   0.5660   0.6475   0.7588   0.6501   0.8884   0.7815   0.7658   0.7449   0.0000
   0.5645   0.6473   0.7551   0.6486   0.8880   0.7813   0.7626   0.7441   0.0000
   0.5627   0.6469   0.7537   0.6466   0.8872   0.7814   0.7605   0.7434   0.0000
   0.5626   0.6463   0.7529   0.6448   0.8857   0.7815   0.7592   0.7431   0.0000
   0.5605   0.6455   0.7522   0.6400   0.8845   0.7813   0.7582   0.7427   0.0000
   0.5595   0.6446   0.7512   0.6374   0.8837   0.7815   0.7578   0.7425   0.0000
   0.5587   0.6433   0.7493   0.6374   0.8828   0.7819   0.7571   0.7422   0.0000
   0.5581   0.6428   0.7467   0.6366   0.8816   0.7824   0.7564   0.7420   0.0000
   0.5577   0.6422   0.7448   0.6362   0.8807   0.7820   0.7560   0.7418   0.0000
   0.5574   0.6417   0.7426   0.6351   0.8798   0.7819   0.7558   0.7415   0.0000
   0.5567   0.6412   0.7404   0.6336   0.8783   0.7816   0.7558   0.7408   0.0000
   0.5563   0.6399   0.7390   0.6321   0.8771   0.7812   0.7555   0.7401   0.0000
   0.5560   0.6381   0.7375   0.6307   0.8748   0.7806   0.7550   0.7400   0.0000
   0.5545   0.6374   0.7346   0.6293   0.8694   0.7790   0.7544   0.7403   0.0000
   0.5525   0.6358   0.7322   0.6291   0.8659   0.7758   0.7539   0.7398   0.0000
   0.5504   0.6336   0.7295   0.6290   0.8613   0.7720   0.7528   0.7394   0.0000
   0.5479   0.6319   0.7278   0.6282   0.8567   0.7692   0.7516   0.7391   0.0000
   0.5471   0.6301   0.7265   0.6251   0.8554   0.7670   0.7506   0.7388   0.0000
   0.5466   0.6295   0.7238   0.6238   0.8553   0.7657   0.7499   0.7383   0.0000
   0.5463   0.6288   0.7215   0.6222   0.8547   0.7635   0.7491   0.7381   0.0000
   0.5458   0.6280   0.7211   0.6209   0.8541   0.7617   0.7485   0.7377   0.0000
   0.5459   0.6271   0.7197   0.6206   0.8528   0.7612   0.7479   0.7376   0.0000
   0.5454   0.6265   0.7181   0.6206   0.8505   0.7607   0.7470   0.7371   0.0000
   0.5439   0.6258   0.7182   0.6193   0.8474   0.7603   0.7453   0.7364   0.0000
   0.5434   0.6245   0.7183   0.6176   0.8444   0.7597   0.7431   0.7357   0.0000
   0.5430   0.6222   0.7183   0.6163   0.8424   0.7588   0.7410   0.7344   0.0000
   0.5428   0.6213   0.7181   0.6157   0.8403   0.7573   0.7391   0.7329   0.0000
   0.5427   0.6200   0.7177   0.6145   0.8382   0.7558   0.7376   0.7318   0.0000
   0.5415   0.6188   0.7165   0.6129   0.8360   0.7540   0.7363   0.7308   0.0000
   0.5403   0.6173   0.7143   0.6100   0.8333   0.7524   0.7353   0.7299   0.0000
   0.5398   0.6158   0.7097   0.6086   0.8309   0.7508   0.7344   0.7293   0.0000
   0.5387   0.6145   0.7073   0.6082   0.8274   0.7490   0.7343   0.7288   0.0000
   0.5371   0.6140   0.7048   0.6050   0.8248   0.7467   0.7342   0.7287   0.0000
   0.5367   0.6136   0.7039   0.6027   0.8226   0.7451   0.7341   0.7284   0.0000
   0.5359   0.6130   0.7042   0.6001   0.8194   0.7439   0.7339   0.7280   0.0000
   0.5342   0.6116   0.7028   0.5976   0.8174   0.7427   0.7331   0.7278   0.0000
   0.5336   0.6102   0.7012   0.5971   0.8161   0.7418   0.7321   0.7274   0.0000
   0.5326   0.6093   0.7000   0.5966   0.8127   0.7407   0.7315   0.7266   0.0000
   0.5313   0.6080   0.6968   0.5959   0.8108   0.7399   0.7309   0.7261   0.0000
   0.5300   0.6077   0.6935   0.5953   0.8089   0.7397   0.7294   0.7252   0.0000
   0.5291   0.6075   0.6918   0.5946   0.8057   0.7396   0.7272   0.7243   0.0000
   0.5277   0.6072   0.6916   0.5933   0.8041   0.7391   0.7251   0.7236   0.0000
   0.5268   0.6062   0.6918   0.5930   0.8033   0.7381   0.7233   0.7227   0.0000
   0.5259   0.6054   0.6918   0.5927   0.8038   0.7370   0.7214   0.7214   0.0000
   0.5248   0.6051   0.6919   0.5923   0.8058   0.7349   0.7198   0.7202   0.0000
   0.5241   0.6042   0.6918   0.5917   0.8061   0.7321   0.7183   0.7192   0.0000
   0.5234   0.6019   0.6912   0.5905   0.8060   0.7302   0.7169   0.7185   0.0000
   0.5233   0.5995   0.6915   0.5894   0.8061   0.7290   0.7158   0.7180   0.0000
   0.5232   0.5983   0.6906   0.5888   0.8064   0.7282   0.7151   0.7174   0.0000
   0.5227   0.5977   0.6879   0.5885   0.8063   0.7278   0.7147   0.7166   0.0000
   0.5224   0.5978   0.6851   0.5872   0.8058   0.7274   0.7142   0.7153   0.0000
   0.5220   0.5970   0.6816   0.5852   0.8049   0.7272   0.7136   0.7132   0.0000
   0.5216   0.5963   0.6783   0.5841   0.8051   0.7274   0.7128   0.7104   0.0000
   0.5212   0.5952   0.6781   0.5832   0.8045   0.7272   0.7124   0.7068   0.0000
   0.5202   0.5936   0.6781   0.5826   0.8045   0.7262   0.7120   0.7020   0.0000
   0.5180   0.5932   0.6771   0.5818   0.8038   0.7251   0.7117   0.6977   0.0000
   0.5164   0.5929   0.6741   0.5796   0.8031   0.7238   0.7114   0.6946   0.0000
   0.5153   0.5924   0.6701   0.5786   0.8023   0.7226   0.7115   0.6898   0.0000
   0.5136   0.5922   0.6680   0.5777   0.8015   0.7224   0.7112   0.6868   0.0000
   0.5123   0.5919   0.6667   0.5763   0.8004   0.7231   0.7104   0.6857   0.0000
   0.5119   0.5919   0.6646   0.5752   0.8000   0.7239   0.7091   0.6852   0.0000
   0.5115   0.5917   0.6616   0.5723   0.7974   0.7241   0.7075   0.6849   0.0000
   0.5115   0.5905   0.6594   0.5699   0.7962   0.7240   0.7058   0.6840   0.0000
   0.5110   0.5891   0.6561   0.5684   0.7957   0.7237   0.7047   0.6830   0.0000
   0.5102   0.5884   0.6556   0.5664   0.7952   0.7236   0.7039   0.6828   0.0000
   0.5092   0.5875   0.6551   0.5654   0.7945   0.7238   0.7030   0.6826   0.0000
   0.5081   0.5870   0.6545   0.5648   0.7921   0.7237   0.7019   0.6824   0.0000
   0.5076   0.5860   0.6540   0.5640   0.7903   0.7238   0.7002   0.6821   0.0000
   0.5074   0.5851   0.6541   0.5615   0.7886   0.7237   0.6981   0.6817   0.0000
   0.5069   0.5837   0.6542   0.5599   0.7878   0.7235   0.6951   0.6815   0.0000
   0.5062   0.5829   0.6532   0.5590   0.7863   0.7234   0.6923   0.6814   0.0000
   0.5058   0.5820   0.6523   0.5584   0.7850   0.7235   0.6903   0.6812   0.0000
   0.5056   0.5815   0.6518   0.5576   0.7846   0.7233   0.6888   0.6812   0.0000
   0.5054   0.5801   0.6492   0.5570   0.7841   0.7231   0.6874   0.6809   0.0000
   0.5053   0.5785   0.6468   0.5550   0.7829   0.7228   0.6860   0.6802   0.0000
   0.5044   0.5769   0.6464   0.5514   0.7779   0.7223   0.6848   0.6781   0.0000
   0.5038   0.5761   0.6456   0.5487   0.7729   0.7209   0.6833   0.6751   0.0000
   0.5031   0.5750   0.6447   0.5462   0.7721   0.7196   0.6823   0.6725   0.0000
   0.5016   0.5739   0.6441   0.5454   0.7715   0.7192   0.6815   0.6696   0.0000
   0.5010   0.5729   0.6426   0.5452   0.7711   0.7190   0.6808   0.6644   0.0000
   0.5009   0.5725   0.6404   0.5442   0.7707   0.7187   0.6802   0.6599   0.0000
   0.5002   0.5721   0.6385   0.5439   0.7701   0.7181   0.6797   0.6558   0.0000
   0.4995   0.5719   0.6383   0.5433   0.7700   0.7176   0.6791   0.6524   0.0000
   0.4976   0.5707   0.6371   0.5428   0.7687   0.7171   0.6782   0.6489   0.0000
   0.4966   0.5686   0.6364   0.5423   0.7676   0.7168   0.6774   0.6451   0.0000
   0.4954   0.5669   0.6354   0.5420   0.7657   0.7163   0.6762   0.6412   0.0000
   0.4950   0.5659   0.6349   0.5419   0.7659   0.7156   0.6748   0.6378   0.0000
   0.4944   0.5644   0.6331   0.5418   0.7654   0.7143   0.6733   0.6355   0.0000
   0.4939   0.5631   0.6304   0.5418   0.7649   0.7132   0.6722   0.6340   0.0000
   0.4928   0.5619   0.6297   0.5417   0.7644   0.7125   0.6713   0.6330   0.0000
   0.4915   0.5604   0.6291   0.5414   0.7598   0.7113   0.6710   0.6326   0.0000
   0.4897   0.5595   0.6289   0.5415   0.7573   0.7102   0.6705   0.6322   0.0000
   0.4886   0.5588   0.6275   0.5415   0.7537   0.7091   0.6700   0.6318   0.0000
   0.4882   0.5579   0.6252   0.5412   0.7522   0.7077   0.6689   0.6312   0.0000
   0.4874   0.5563   0.6246   0.5410   0.7506   0.7064   0.6674   0.6308   0.0000
   0.4861   0.5556   0.6237   0.5408   0.7506   0.7054   0.6654   0.6304   0.0000
   0.4851   0.5556   0.6231   0.5408   0.7500   0.7043   0.6635   0.6300   0.0000
   0.4845   0.5548   0.6228   0.5413   0.7488   0.7031   0.6620   0.6296   0.0000
   0.4837   0.5543   0.6224   0.5408   0.7488   0.7030   0.6603   0.6294   0.0000
   0.4826   0.5538   0.6211   0.5402   0.7487   0.7029   0.6588   0.6291   0.0000
   0.4813   0.5531   0.6200   0.5386   0.7485   0.7026   0.6573   0.6290   0.0000
   0.4798   0.5522   0.6182   0.5366   0.7478   0.7016   0.6564   0.6284   0.0000
   0.4779   0.5507   0.6158   0.5362   0.7479   0.6989   0.6556   0.6277   0.0000
   0.4761   0.5489   0.6140   0.5359   0.7473   0.6949   0.6548   0.6270   0.0000
   0.4755   0.5468   0.6137   0.5360   0.7453   0.6914   0.6534   0.6264   0.0000
   0.4746   0.5466   0.6136   0.5357   0.7434   0.6872   0.6522   0.6257   0.0000
   0.4741   0.5455   0.6130   0.5357   0.7424   0.6834   0.6510   0.6250   0.0000
   0.4737   0.5438   0.6108   0.5354   0.7411   0.6807   0.6502   0.6244   0.0000
   0.4725   0.5431   0.6082   0.5347   0.7385   0.6789   0.6498   0.6239   0.0000
   0.4714   0.5425   0.6064   0.5333   0.7311   0.6779   0.6489   0.6230   0.0000
   0.4705   0.5417   0.6049   0.5321   0.7245   0.6766   0.6482   0.6209   0.0000
   0.4702   0.5404   0.6020   0.5309   0.7243   0.6760   0.6472   0.6191   0.0000
   0.4699   0.5393   0.6004   0.5304   0.7237   0.6757   0.6461   0.6173   0.0000
   0.4695   0.5381   0.5986   0.5295   0.7226   0.6750   0.6450   0.6162   0.0000
   0.4687   0.5354   0.5979   0.5283   0.7218   0.6739   0.6443   0.6154   0.0000
   0.4674   0.5347   0.5967   0.5268   0.7202   0.6732   0.6435   0.6149   0.0000
   0.4663   0.5344   0.5958   0.5258   0.7193   0.6724   0.6430   0.6145   0.0000
   0.4659   0.5344   0.5952   0.5237   0.7181   0.6718   0.6423   0.6139   0.0000
   0.4653   0.5339   0.5945   0.5224   0.7168   0.6714   0.6416   0.6132   0.0000
   0.4647   0.5333   0.5939   0.5216   0.7156   0.6704   0.6410   0.6126   0.0000
   0.4640   0.5332   0.5927   0.5200   0.7139   0.6679   0.6404   0.6123   0.0000
   0.4629   0.5322   0.5919   0.5194   0.7128   0.6633   0.6397   0.6116   0.0000
   0.4625   0.5306   0.5914   0.5163   0.7101   0.6596   0.6388   0.6111   0.0000
   0.4617   0.5297   0.5905   0.5154   0.7089   0.6569   0.6377   0.6101   0.0000
   0.4606   0.5289   0.5898   0.5148   0.7072   0.6543   0.6364   0.6090   0.0000
   0.4598   0.5287   0.5882   0.5137   0.7039   0.6515   0.6346   0.6084   0.0000
   0.4595   0.5278   0.5858   0.5126   0.7013   0.6485   0.6327   0.6079   0.0000
   0.4587   0.5264   0.5847   0.5114   0.6997   0.6471   0.6311   0.6073   0.0000
   0.4579   0.5252   0.5832   0.5098   0.6982   0.6466   0.6295   0.6068   0.0000
   0.4576   0.5238   0.5814   0.5090   0.6980   0.6459   0.6281   0.6063   0.0000
   0.4575   0.5221   0.5807   0.5076   0.6979   0.6451   0.6268   0.6059   0.0000
   0.4560   0.5216   0.5798   0.5075   0.6965   0.6447   0.6257   0.6051   0.0000
   0.4550   0.5214   0.5786   0.5073   0.6961   0.6447   0.6251   0.6046   0.0000
   0.4542   0.5210   0.5771   0.5069   0.6956   0.6443   0.6243   0.6042   0.0000
   0.4541   0.5202   0.5758   0.5042   0.6948   0.6438   0.6235   0.6036   0.0000
   0.4521   0.5192   0.5741   0.5031   0.6941   0.6429   0.6224   0.6024   0.0000
   0.4508   0.5168   0.5737   0.5027   0.6922   0.6423   0.6211   0.6010   0.0000
   0.4494   0.5147   0.5730   0.5021   0.6915   0.6411   0.6192   0.5998   0.0000
   0.4479   0.5139   0.5722   0.5015   0.6907   0.6394   0.6171   0.5992   0.0000
   0.4472   0.5133   0.5709   0.5013   0.6881   0.6380   0.6155   0.5985   0.0000
   0.4470   0.5132   0.5699   0.5005   0.6866   0.6369   0.6140   0.5976   0.0000
   0.4463   0.5126   0.5693   0.5002   0.6844   0.6347   0.6125   0.5973   0.0000
   0.4452   0.5125   0.5685   0.4997   0.6815   0.6331   0.6107   0.5973   0.0000
   0.4447   0.5124   0.5682   0.4987   0.6776   0.6319   0.6093   0.5972   0.0000
   0.4442   0.5123   0.5687   0.4981   0.6747   0.6310   0.6081   0.5969   0.0000
   0.4434   0.5117   0.5687   0.4976   0.6722   0.6304   0.6069   0.5968   0.0000
   0.4427   0.5112   0.5681   0.4973   0.6712   0.6290   0.6056   0.5963   0.0000
   0.4419   0.5106   0.5681   0.4967   0.6701   0.6274   0.6043   0.5951   0.0000
   0.4411   0.5100   0.5674   0.4962   0.6680   0.6258   0.6029   0.5933   0.0000
   0.4406   0.5085   0.5650   0.4951   0.6662   0.6243   0.6014   0.5919   0.0000
   0.4398   0.5078   0.5629   0.4945   0.6652   0.6235   0.6004   0.5908   0.0000
   0.4395   0.5066   0.5625   0.4941   0.6646   0.6231   0.5998   0.5883   0.0000
   0.4389   0.5056   0.5622   0.4938   0.6641   0.6225   0.5989   0.5827   0.0000
   0.4380   0.5047   0.5618   0.4934   0.6612   0.6220   0.5977   0.5747   0.0000
   0.4370   0.5042   0.5612   0.4933   0.6570   0.6212   0.5966   0.5673   0.0000
   0.4361   0.5035   0.5599   0.4933   0.6552   0.6209   0.5953   0.5627   0.0000
   0.4356   0.5030   0.5592   0.4932   0.6541   0.6204   0.5944   0.5612   0.0000
   0.4351   0.5022   0.5589   0.4927   0.6532   0.6202   0.5934   0.5604   0.0000
   0.4337   0.5020   0.5584   0.4923   0.6518   0.6199   0.5927   0.5598   0.0000
   0.4329   0.5019   0.5577   0.4904   0.6513   0.6197   0.5919   0.5591   0.0000
   0.4326   0.5008   0.5572   0.4900   0.6507   0.6199   0.5911   0.5588   0.0000
   0.4331   0.4999   0.5562   0.4896   0.6500   0.6193   0.5900   0.5582   0.0000
   0.4328   0.4995   0.5559   0.4881   0.6495   0.6178   0.5885   0.5578   0.0000
   0.4321   0.4985   0.5560   0.4876   0.6480   0.6170   0.5870   0.5573   0.0000
   0.4306   0.4978   0.5556   0.4869   0.6475   0.6159   0.5853   0.5562   0.0000
   0.4291   0.4978   0.5545   0.4852   0.6465   0.6141   0.5843   0.5542   0.0000
   0.4280   0.4973   0.5543   0.4845   0.6448   0.6122   0.5833   0.5518   0.0000
   0.4270   0.4966   0.5524   0.4833   0.6416   0.6098   0.5825   0.5498   0.0000
   0.4260   0.4950   0.5492   0.4825   0.6404   0.6078   0.5818   0.5485   0.0000
   0.4256   0.4934   0.5481   0.4817   0.6390   0.6052   0.5812   0.5471   0.0000
   0.4252   0.4923   0.5471   0.4804   0.6370   0.6025   0.5804   0.5457   0.0000
   0.4246   0.4921   0.5452   0.4792   0.6332   0.6003   0.5801   0.5449   0.0000
   0.4239   0.4917   0.5443   0.4767   0.6308   0.5968   0.5798   0.5446   0.0000
   0.4232   0.4910   0.5433   0.4760   0.6296   0.5936   0.5793   0.5440   0.0000
   0.4228   0.4907   0.5421   0.4756   0.6286   0.5897   0.5787   0.5432   0.0000
   0.4221   0.4900   0.5418   0.4754   0.6269   0.5858   0.5781   0.5422   0.0000
   0.4205   0.4893   0.5417   0.4750   0.6253   0.5835   0.5775   0.5417   0.0000
   0.4194   0.4891   0.5411   0.4748   0.6237   0.5818   0.5768   0.5408   0.0000
   0.4189   0.4890   0.5389   0.4745   0.6232   0.5801   0.5761   0.5400   0.0000
   0.4179   0.4888   0.5370   0.4742   0.6228   0.5784   0.5755   0.5391   0.0000
   0.4165   0.4886   0.5366   0.4740   0.6221   0.5766   0.5752   0.5378   0.0000
   0.4156   0.4884   0.5359   0.4736   0.6195   0.5754   0.5747   0.5361   0.0000
   0.4150   0.4881   0.5354   0.4728   0.6180   0.5745   0.5741   0.5348   0.0000
   0.4147   0.4877   0.5339   0.4718   0.6164   0.5736   0.5730   0.5340   0.0000
   0.4145   0.4872   0.5321   0.4714   0.6161   0.5729   0.5702   0.5335   0.0000
   0.4142   0.4851   0.5309   0.4712   0.6160   0.5724   0.5667   0.5323   0.0000
   0.4139   0.4841   0.5298   0.4713   0.6154   0.5719   0.5635   0.5312   0.0000
   0.4134   0.4823   0.5286   0.4712   0.6128   0.5711   0.5610   0.5305   0.0000
   0.4121   0.4814   0.5283   0.4699   0.6096   0.5706   0.5592   0.5301   0.0000
   0.4108   0.4812   0.5280   0.4674   0.6071   0.5696   0.5579   0.5302   0.0000
   0.4099   0.4804   0.5276   0.4666   0.6038   0.5687   0.5568   0.5296   0.0000
   0.4094   0.4794   0.5268   0.4654   0.6018   0.5680   0.5556   0.5284   0.0000
   0.4092   0.4784   0.5251   0.4641   0.6006   0.5678   0.5543   0.5267   0.0000
   0.4091   0.4770   0.5232   0.4628   0.5983   0.5672   0.5531   0.5260   0.0000
   0.4083   0.4752   0.5220   0.4624   0.5972   0.5654   0.5520   0.5255   0.0000
   0.4071   0.4747   0.5217   0.4619   0.5968   0.5630   0.5509   0.5241   0.0000
   0.4061   0.4744   0.5214   0.4617   0.5965   0.5618   0.5499   0.5231   0.0000
   0.4054   0.4734   0.5212   0.4613   0.5948   0.5606   0.5488   0.5228   0.0000
   0.4045   0.4730   0.5211   0.4606   0.5939   0.5598   0.5477   0.5226   0.0000
   0.4038   0.4727   0.5206   0.4600   0.5934   0.5595   0.5466   0.5221   0.0000
   0.4030   0.4725   0.5204   0.4592   0.5920   0.5592   0.5459   0.5215   0.0000
   0.4030   0.4725   0.5196   0.4587   0.5911   0.5588   0.5452   0.5209   0.0000
   0.4024   0.4723   0.5191   0.4579   0.5901   0.5585   0.5444   0.5202   0.0000
   0.4014   0.4717   0.5183   0.4574   0.5886   0.5580   0.5435   0.5194   0.0000
   0.4009   0.4708   0.5173   0.4572   0.5865   0.5577   0.5429   0.5187   0.0000
   0.4005   0.4704   0.5166   0.4568   0.5849   0.5571   0.5424   0.5181   0.0000
   0.4002   0.4700   0.5148   0.4564   0.5839   0.5565   0.5422   0.5170   0.0000
   0.3994   0.4696   0.5123   0.4560   0.5831   0.5558   0.5417   0.5159   0.0000
   0.3987   0.4684   0.5103   0.4557   0.5818   0.5547   0.5412   0.5148   0.0000
   0.3982   0.4678   0.5093   0.4549   0.5807   0.5540   0.5400   0.5141   0.0000
   0.3978   0.4674   0.5082   0.4540   0.5791   0.5532   0.5385   0.5132   0.0000
   0.3970   0.4668   0.5074   0.4534   0.5774   0.5523   0.5371   0.5111   0.0000
   0.3956   0.4660   0.5069   0.4531   0.5770   0.5512   0.5358   0.5094   0.0000
   0.3951   0.4651   0.5063   0.4520   0.5764   0.5501   0.5347   0.5080   0.0000
   0.3944   0.4637   0.5062   0.4511   0.5761   0.5490   0.5333   0.5068   0.0000
   0.3934   0.4635   0.5050   0.4505   0.5756   0.5485   0.5318   0.5051   0.0000
   0.3929   0.4622   0.5033   0.4499   0.5745   0.5485   0.5302   0.5032   0.0000
   0.3924   0.4604   0.5020   0.4492   0.5739   0.5481   0.5295   0.5013   0.0000
   0.3914   0.4602   0.5018   0.4490   0.5733   0.5478   0.5289   0.4991   0.0000
   0.3903   0.4583   0.5015   0.4487   0.5722   0.5475   0.5284   0.4971   0.0000
   0.3896   0.4574   0.5002   0.4486   0.5707   0.5467   0.5278   0.4959   0.0000
   0.3895   0.4572   0.4974   0.4481   0.5697   0.5457   0.5273   0.4952   0.0000
   0.3893   0.4572   0.4956   0.4472   0.5691   0.5445   0.5265   0.4946   0.0000
   0.3891   0.4571   0.4952   0.4462   0.5684   0.5437   0.5253   0.4943   0.0000
   0.3889   0.4571   0.4946   0.4443   0.5677   0.5433   0.5237   0.4939   0.0000
   0.3887   0.4570   0.4939   0.4431   0.5650   0.5425   0.5216   0.4934   0.0000
   0.3886   0.4569   0.4934   0.4410   0.5625   0.5413   0.5196   0.4926   0.0000
   0.3884   0.4567   0.4929   0.4404   0.5621   0.5392   0.5180   0.4918   0.0000
   0.3882   0.4560   0.4919   0.4388   0.5609   0.5357   0.5170   0.4909   0.0000
   0.3879   0.4546   0.4898   0.4373   0.5607   0.5316   0.5161   0.4896   0.0000
   0.3877   0.4540   0.4879   0.4358   0.5595   0.5289   0.5157   0.4890   0.0000
   0.3877   0.4535   0.4874   0.4347   0.5589   0.5271   0.5155   0.4883   0.0000
   0.3868   0.4530   0.4865   0.4347   0.5573   0.5258   0.5153   0.4879   0.0000
   0.3864   0.4522   0.4855   0.4346   0.5573   0.5244   0.5147   0.4876   0.0000
   0.3855   0.4503   0.4848   0.4345   0.5574   0.5230   0.5142   0.4876   0.0000
   0.3854   0.4494   0.4841   0.4343   0.5570   0.5219   0.5137   0.4873   0.0000
   0.3849   0.4490   0.4838   0.4341   0.5570   0.5212   0.5133   0.4867   0.0000
   0.3842   0.4485   0.4830   0.4340   0.5570   0.5205   0.5127   0.4862   0.0000
   0.3836   0.4482   0.4823   0.4339   0.5568   0.5201   0.5118   0.4861   0.0000
   0.3832   0.4478   0.4815   0.4338   0.5558   0.5203   0.5110   0.4856   0.0000
   0.3827   0.4480   0.4804   0.4338   0.5559   0.5199   0.5097   0.4848   0.0000
   0.3825   0.4478   0.4801   0.4338   0.5561   0.5195   0.5082   0.4841   0.0000
   0.3821   0.4448   0.4796   0.4337   0.5550   0.5188   0.5064   0.4835   0.0000
   0.3820   0.4434   0.4780   0.4338   0.5540   0.5178   0.5048   0.4831   0.0000
   0.3815   0.4432   0.4772   0.4338   0.5539   0.5166   0.5031   0.4826   0.0000
   0.3810   0.4432   0.4762   0.4332   0.5538   0.5155   0.5011   0.4819   0.0000
   0.3801   0.4431   0.4751   0.4332   0.5532   0.5148   0.4992   0.4810   0.0000
   0.3795   0.4428   0.4744   0.4331   0.5527   0.5144   0.4974   0.4801   0.0000
   0.3789   0.4417   0.4740   0.4329   0.5523   0.5144   0.4963   0.4799   0.0000
   0.3782   0.4409   0.4734   0.4333   0.5520   0.5146   0.4950   0.4800   0.0000
   0.3771   0.4406   0.4725   0.4332   0.5497   0.5142   0.4932   0.4789   0.0000
   0.3765   0.4405   0.4712   0.4322   0.5466   0.5135   0.4910   0.4779   0.0000
   0.3759   0.4402   0.4700   0.4312   0.5455   0.5127   0.4895   0.4778   0.0000
   0.3755   0.4400   0.4699   0.4311   0.5444   0.5122   0.4880   0.4782   0.0000
   0.3752   0.4395   0.4697   0.4311   0.5418   0.5117   0.4865   0.4780   0.0000
   0.3751   0.4378   0.4694   0.4306   0.5377   0.5111   0.4854   0.4770   0.0000
   0.3747   0.4370   0.4687   0.4294   0.5357   0.5106   0.4844   0.4765   0.0000
   0.3743   0.4362   0.4687   0.4286   0.5317   0.5101   0.4833   0.4762   0.0000
   0.3743   0.4352   0.4679   0.4264   0.5303   0.5093   0.4821   0.4761   0.0000
   0.3741   0.4342   0.4677   0.4244   0.5291   0.5078   0.4810   0.4753   0.0000
   0.3736   0.4331   0.4673   0.4229   0.5280   0.5061   0.4797   0.4745   0.0000
   0.3727   0.4322   0.4661   0.4219   0.5271   0.5046   0.4786   0.4740   0.0000
   0.3722   0.4310   0.4653   0.4216   0.5237   0.5033   0.4777   0.4740   0.0000
   0.3719   0.4305   0.4651   0.4211   0.5221   0.5018   0.4768   0.4737   0.0000
   0.3706   0.4300   0.4643   0.4187   0.5214   0.5008   0.4758   0.4740   0.0000
   0.3701   0.4295   0.4633   0.4172   0.5205   0.4999   0.4744   0.4746   0.0000
   0.3694   0.4292   0.4620   0.4167   0.5203   0.4996   0.4730   0.4750   0.0000
   0.3689   0.4286   0.4612   0.4145   0.5196   0.4994   0.4720   0.4755   0.0000
   0.3683   0.4279   0.4599   0.4143   0.5181   0.4989   0.4715   0.4753   0.0000
   0.3677   0.4273   0.4591   0.4136   0.5169   0.4983   0.4711   0.4747   0.0000
   0.3674   0.4270   0.4582   0.4134   0.5165   0.4983   0.4708   0.4743   0.0000
   0.3671   0.4266   0.4560   0.4134   0.5159   0.4983   0.4704   0.4738   0.0000
   0.3665   0.4264   0.4553   0.4132   0.5160   0.4981   0.4701   0.4731   0.0000
   0.3658   0.4257   0.4548   0.4129   0.5162   0.4975   0.4700   0.4726   0.0000
   0.3655   0.4239   0.4539   0.4125   0.5162   0.4967   0.4698   0.4721   0.0000
   0.3645   0.4225   0.4535   0.4125   0.5151   0.4960   0.4692   0.4717   0.0000
   0.3642   0.4221   0.4532   0.4123   0.5133   0.4953   0.4686   0.4716   0.0000
   0.3637   0.4211   0.4532   0.4118   0.5123   0.4942   0.4677   0.4718   0.0000
   0.3632   0.4205   0.4525   0.4087   0.5108   0.4932   0.4667   0.4718   0.0000
   0.3626   0.4200   0.4517   0.4080   0.5096   0.4921   0.4655   0.4715   0.0000
   0.3625   0.4198   0.4507   0.4069   0.5094   0.4910   0.4644   0.4712   0.0000
   0.3622   0.4194   0.4494   0.4056   0.5086   0.4904   0.4631   0.4716   0.0000
   0.3618   0.4189   0.4489   0.4049   0.5067   0.4895   0.4619   0.4712   0.0000
   0.3614   0.4182   0.4485   0.4046   0.5050   0.4888   0.4605   0.4701   0.0000
   0.3608   0.4174   0.4480   0.4043   0.5044   0.4879   0.4589   0.4691   0.0000
   0.3592   0.4167   0.4472   0.4042   0.5041   0.4871   0.4578   0.4682   0.0000
   0.3581   0.4158   0.4466   0.4040   0.5037   0.4864   0.4569   0.4679   0.0000
   0.3572   0.4143   0.4460   0.4038   0.5030   0.4853   0.4560   0.4678   0.0000
   0.3564   0.4128   0.4453   0.4036   0.5014   0.4839   0.4550   0.4674   0.0000
   0.3561   0.4121   0.4447   0.4035   0.4998   0.4832   0.4539   0.4671   0.0000
   0.3555   0.4116   0.4436   0.4029   0.4993   0.4823   0.4528   0.4667   0.0000
   0.3549   0.4114   0.4417   0.4015   0.4989   0.4809   0.4516   0.4666   0.0000
   0.3548   0.4100   0.4412   0.4004   0.4986   0.4798   0.4505   0.4661   0.0000
   0.3547   0.4090   0.4408   0.3999   0.4978   0.4788   0.4498   0.4659   0.0000
   0.3546   0.4086   0.4400   0.3996   0.4956   0.4777   0.4491   0.4653   0.0000
   0.3540   0.4085   0.4391   0.3988   0.4910   0.4766   0.4487   0.4645   0.0000
   0.3531   0.4081   0.4385   0.3981   0.4898   0.4750   0.4482   0.4642   0.0000
   0.3527   0.4066   0.4377   0.3973   0.4896   0.4733   0.4478   0.4639   0.0000
   0.3524   0.4031   0.4365   0.3968   0.4890   0.4717   0.4473   0.4636   0.0000
   0.3517   0.4029   0.4358   0.3966   0.4882   0.4708   0.4469   0.4635   0.0000
   0.3505   0.4025   0.4351   0.3960   0.4871   0.4701   0.4458   0.4632   0.0000
   0.3497   0.4022   0.4345   0.3945   0.4848   0.4699   0.4443   0.4629   0.0000
   0.3489   0.4019   0.4343   0.3926   0.4820   0.4698   0.4433   0.4621   0.0000
   0.3485   0.4016   0.4338   0.3909   0.4796   0.4690   0.4425   0.4612   0.0000
   0.3479   0.4009   0.4324   0.3890   0.4774   0.4681   0.4421   0.4606   0.0000
   0.3477   0.4006   0.4313   0.3881   0.4760   0.4672   0.4415   0.4598   0.0000
   0.3472   0.3998   0.4309   0.3881   0.4751   0.4667   0.4410   0.4592   0.0000
   0.3466   0.3991   0.4307   0.3879   0.4742   0.4662   0.4403   0.4589   0.0000
   0.3450   0.3985   0.4304   0.3877   0.4734   0.4642   0.4394   0.4586   0.0000
   0.3439   0.3983   0.4304   0.3876   0.4729   0.4618   0.4382   0.4579   0.0000
   0.3435   0.3980   0.4302   0.3874   0.4734   0.4596   0.4368   0.4566   0.0000
   0.3430   0.3979   0.4300   0.3871   0.4733   0.4585   0.4355   0.4557   0.0000
   0.3427   0.3975   0.4298   0.3866   0.4733   0.4576   0.4344   0.4550   0.0000
   0.3425   0.3974   0.4294   0.3856   0.4732   0.4576   0.4336   0.4544   0.0000
   0.3419   0.3970   0.4289   0.3840   0.4725   0.4572   0.4330   0.4536   0.0000
   0.3417   0.3965   0.4283   0.3832   0.4721   0.4568   0.4324   0.4531   0.0000
   0.3412   0.3961   0.4275   0.3820   0.4714   0.4564   0.4321   0.4520   0.0000
   0.3406   0.3958   0.4274   0.3810   0.4702   0.4561   0.4317   0.4508   0.0000
   0.3404   0.3947   0.4271   0.3800   0.4690   0.4560   0.4312   0.4501   0.0000
   0.3403   0.3942   0.4258   0.3794   0.4680   0.4554   0.4303   0.4495   0.0000
   0.3401   0.3928   0.4234   0.3788   0.4675   0.4548   0.4298   0.4487   0.0000
   0.3398   0.3905   0.4220   0.3777   0.4668   0.4547   0.4291   0.4477   0.0000
   0.3396   0.3891   0.4207   0.3775   0.4665   0.4546   0.4282   0.4472   0.0000
   0.3395   0.3886   0.4202   0.3770   0.4666   0.4541   0.4269   0.4467   0.0000
   0.3393   0.3885   0.4199   0.3760   0.4664   0.4540   0.4255   0.4465   0.0000
   0.3388   0.3882   0.4193   0.3754   0.4664   0.4537   0.4240   0.4462   0.0000
   0.3383   0.3874   0.4185   0.3741   0.4661   0.4536   0.4228   0.4458   0.0000
   0.3379   0.3863   0.4184   0.3733   0.4658   0.4530   0.4222   0.4455   0.0000
   0.3373   0.3862   0.4178   0.3718   0.4654   0.4521   0.4217   0.4453   0.0000
   0.3371   0.3857   0.4175   0.3702   0.4646   0.4515   0.4215   0.4454   0.0000
   0.3366   0.3854   0.4173   0.3690   0.4635   0.4507   0.4214   0.4454   0.0000
   0.3359   0.3847   0.4169   0.3685   0.4634   0.4501   0.4210   0.4454   0.0000
   0.3354   0.3844   0.4156   0.3684   0.4614   0.4497   0.4205   0.4451   0.0000
   0.3351   0.3840   0.4146   0.3682   0.4604   0.4492   0.4200   0.4451   0.0000
   0.3346   0.3832   0.4143   0.3681   0.4603   0.4489   0.4197   0.4445   0.0000
   0.3342   0.3824   0.4134   0.3680   0.4601   0.4487   0.4196   0.4436   0.0000
   0.3338   0.3817   0.4112   0.3681   0.4588   0.4486   0.4193   0.4426   0.0000
   0.3334   0.3812   0.4090   0.3678   0.4578   0.4484   0.4189   0.4421   0.0000
   0.3332   0.3808   0.4075   0.3671   0.4542   0.4480   0.4187   0.4418   0.0000
   0.3325   0.3807   0.4067   0.3666   0.4541   0.4475   0.4183   0.4420   0.0000
   0.3317   0.3807   0.4063   0.3662   0.4536   0.4468   0.4181   0.4416   0.0000
   0.3311   0.3804   0.4059   0.3653   0.4537   0.4458   0.4179   0.4411   0.0000
   0.3304   0.3799   0.4044   0.3646   0.4539   0.4445   0.4178   0.4406   0.0000
   0.3299   0.3793   0.4021   0.3638   0.4533   0.4432   0.4173   0.4400   0.0000
   0.3297   0.3780   0.4018   0.3635   0.4531   0.4424   0.4168   0.4389   0.0000
   0.3293   0.3777   0.4012   0.3632   0.4532   0.4417   0.4162   0.4370   0.0000
   0.3290   0.3771   0.4001   0.3631   0.4532   0.4407   0.4160   0.4352   0.0000
   0.3288   0.3765   0.3994   0.3630   0.4527   0.4400   0.4157   0.4335   0.0000
   0.3284   0.3745   0.3993   0.3630   0.4521   0.4397   0.4153   0.4322   0.0000
   0.3282   0.3734   0.3992   0.3629   0.4507   0.4389   0.4147   0.4313   0.0000
   0.3277   0.3727   0.3990   0.3629   0.4503   0.4372   0.4142   0.4308   0.0000
   0.3274   0.3724   0.3989   0.3626   0.4493   0.4355   0.4137   0.4305   0.0000
   0.3271   0.3721   0.3986   0.3619   0.4480   0.4343   0.4132   0.4300   0.0000
   0.3266   0.3715   0.3981   0.3615   0.4471   0.4334   0.4127   0.4290   0.0000
   0.3261   0.3710   0.3980   0.3610   0.4458   0.4330   0.4122   0.4278   0.0000
   0.3252   0.3706   0.3976   0.3610   0.4442   0.4324   0.4114   0.4267   0.0000
   0.3244   0.3704   0.3970   0.3607   0.4417   0.4321   0.4103   0.4265   0.0000
   0.3241   0.3700   0.3965   0.3602   0.4408   0.4320   0.4090   0.4266   0.0000
   0.3238   0.3690   0.3961   0.3597   0.4403   0.4316   0.4076   0.4264   0.0000
   0.3235   0.3681   0.3953   0.3592   0.4396   0.4308   0.4059   0.4259   0.0000
   0.3230   0.3680   0.3942   0.3585   0.4388   0.4297   0.4040   0.4255   0.0000
   0.3228   0.3677   0.3935   0.3587   0.4377   0.4289   0.4021   0.4252   0.0000
   0.3224   0.3676   0.3926   0.3584   0.4370   0.4279   0.4002   0.4252   0.0000
   0.3223   0.3673   0.3920   0.3574   0.4358   0.4273   0.3991   0.4252   0.0000
   0.3221   0.3670   0.3918   0.3566   0.4353   0.4260   0.3983   0.4249   0.0000
   0.3217   0.3667   0.3917   0.3561   0.4345   0.4245   0.3977   0.4247   0.0000
   0.3211   0.3648   0.3913   0.3547   0.4337   0.4233   0.3972   0.4241   0.0000
   0.3209   0.3635   0.3905   0.3534   0.4325   0.4226   0.3968   0.4229   0.0000
   0.3204   0.3631   0.3893   0.3525   0.4306   0.4217   0.3965   0.4220   0.0000
   0.3200   0.3624   0.3882   0.3516   0.4279   0.4210   0.3964   0.4211   0.0000
   0.3197   0.3618   0.3875   0.3513   0.4270   0.4202   0.3963   0.4205   0.0000
   0.3192   0.3612   0.3867   0.3508   0.4258   0.4191   0.3961   0.4203   0.0000
   0.3183   0.3606   0.3866   0.3497   0.4237   0.4185   0.3959   0.4203   0.0000
   0.3181   0.3595   0.3864   0.3484   0.4231   0.4174   0.3958   0.4197   0.0000
   0.3173   0.3580   0.3862   0.3479   0.4226   0.4163   0.3960   0.4191   0.0000
   0.3167   0.3581   0.3859   0.3471   0.4221   0.4152   0.3960   0.4187   0.0000
   0.3165   0.3585   0.3857   0.3460   0.4216   0.4144   0.3957   0.4184   0.0000
   0.3162   0.3584   0.3852   0.3455   0.4213   0.4136   0.3957   0.4182   0.0000
   0.3160   0.3581   0.3849   0.3450   0.4203   0.4126   0.3955   0.4175   0.0000
   0.3158   0.3572   0.3847   0.3442   0.4196   0.4114   0.3954   0.4170   0.0000
   0.3156   0.3569   0.3842   0.3440   0.4189   0.4105   0.3953   0.4165   0.0000
   0.3154   0.3558   0.3828   0.3435   0.4186   0.4099   0.3952   0.4158   0.0000
   0.3150   0.3548   0.3818   0.3433   0.4183   0.4099   0.3952   0.4148   0.0000
   0.3144   0.3545   0.3803   0.3431   0.4176   0.4094   0.3951   0.4138   0.0000
   0.3139   0.3535   0.3792   0.3421   0.4174   0.4087   0.3948   0.4132   0.0000
   0.3133   0.3524   0.3787   0.3419   0.4170   0.4076   0.3947   0.4123   0.0000
   0.3129   0.3521   0.3786   0.3416   0.4156   0.4069   0.3947   0.4097   0.0000
   0.3125   0.3516   0.3784   0.3413   0.4152   0.4061   0.3945   0.4074   0.0000
   0.3121   0.3513   0.3780   0.3411   0.4147   0.4057   0.3943   0.4060   0.0000
   0.3118   0.3508   0.3775   0.3409   0.4145   0.4055   0.3938   0.4044   0.0000
   0.3117   0.3507   0.3769   0.3408   0.4139   0.4052   0.3932   0.4023   0.0000
   0.3112   0.3504   0.3765   0.3402   0.4124   0.4048   0.3925   0.4006   0.0000
   0.3108   0.3505   0.3759   0.3393   0.4097   0.4045   0.3915   0.3997   0.0000
   0.3098   0.3505   0.3756   0.3386   0.4081   0.4039   0.3904   0.3990   0.0000
   0.3095   0.3506   0.3750   0.3382   0.4077   0.4036   0.3896   0.3985   0.0000
   0.3091   0.3505   0.3736   0.3375   0.4066   0.4036   0.3889   0.3976   0.0000
   0.3089   0.3502   0.3720   0.3373   0.4055   0.4034   0.3882   0.3966   0.0000
   0.3087   0.3502   0.3711   0.3370   0.4044   0.4025   0.3874   0.3960   0.0000
   0.3080   0.3502   0.3697   0.3368   0.4038   0.4017   0.3866   0.3952   0.0000
   0.3076   0.3500   0.3697   0.3365   0.4034   0.4008   0.3855   0.3940   0.0000
   0.3076   0.3497   0.3690   0.3360   0.4024   0.3997   0.3850   0.3930   0.0000
   0.3073   0.3495   0.3687   0.3350   0.4006   0.3990   0.3846   0.3923   0.0000
   0.3069   0.3489   0.3685   0.3347   0.3990   0.3988   0.3845   0.3917   0.0000
   0.3065   0.3488   0.3680   0.3341   0.3965   0.3982   0.3844   0.3915   0.0000
   0.3062   0.3487   0.3670   0.3339   0.3946   0.3977   0.3844   0.3912   0.0000
   0.3053   0.3485   0.3664   0.3334   0.3932   0.3966   0.3842   0.3907   0.0000
   0.3047   0.3481   0.3663   0.3324   0.3927   0.3961   0.3839   0.3893   0.0000
   0.3041   0.3478   0.3660   0.3324   0.3925   0.3952   0.3832   0.3886   0.0000
   0.3037   0.3471   0.3662   0.3323   0.3923   0.3942   0.3825   0.3887   0.0000
   0.3031   0.3464   0.3659   0.3322   0.3912   0.3937   0.3816   0.3888   0.0000
   0.3027   0.3460   0.3655   0.3320   0.3903   0.3934   0.3809   0.3882   0.0000
   0.3022   0.3458   0.3652   0.3319   0.3891   0.3929   0.3802   0.3877   0.0000
   0.3020   0.3458   0.3650   0.3304   0.3882   0.3924   0.3795   0.3870   0.0000
   0.3019   0.3458   0.3648   0.3293   0.3870   0.3917   0.3792   0.3868   0.0000
   0.3014   0.3457   0.3644   0.3285   0.3867   0.3915   0.3792   0.3860   0.0000
   0.3007   0.3457   0.3639   0.3279   0.3865   0.3907   0.3791   0.3851   0.0000
   0.3004   0.3454   0.3628   0.3276   0.3859   0.3904   0.3791   0.3844   0.0000
   0.2999   0.3447   0.3616   0.3268   0.3853   0.3899   0.3790   0.3836   0.0000
   0.2997   0.3442   0.3612   0.3259   0.3841   0.3893   0.3786   0.3827   0.0000
   0.2991   0.3439   0.3607   0.3252   0.3825   0.3891   0.3780   0.3823   0.0000
   0.2989   0.3436   0.3603   0.3244   0.3811   0.3889   0.3772   0.3817   0.0000
   0.2983   0.3430   0.3597   0.3240   0.3808   0.3885   0.3762   0.3814   0.0000
   0.2970   0.3419   0.3586   0.3235   0.3806   0.3882   0.3750   0.3813   0.0000
   0.2964   0.3412   0.3571   0.3229   0.3805   0.3879   0.3735   0.3811   0.0000
   0.2959   0.3409   0.3556   0.3221   0.3801   0.3870   0.3720   0.3809   0.0000
   0.2952   0.3395   0.3553   0.3215   0.3800   0.3863   0.3704   0.3806   0.0000
   0.2951   0.3388   0.3553   0.3214   0.3799   0.3859   0.3694   0.3806   0.0000
   0.2943   0.3382   0.3543   0.3210   0.3795   0.3857   0.3686   0.3804   0.0000
   0.2939   0.3379   0.3538   0.3209   0.3795   0.3850   0.3680   0.3798   0.0000
   0.2937   0.3376   0.3532   0.3205   0.3792   0.3841   0.3669   0.3791   0.0000
   0.2932   0.3373   0.3530   0.3201   0.3791   0.3836   0.3658   0.3783   0.0000
   0.2928   0.3368   0.3524   0.3201   0.3790   0.3837   0.3647   0.3774   0.0000
   0.2926   0.3365   0.3523   0.3196   0.3787   0.3834   0.3642   0.3756   0.0000
   0.2921   0.3364   0.3515   0.3190   0.3781   0.3829   0.3637   0.3742   0.0000
   0.2914   0.3365   0.3512   0.3186   0.3779   0.3819   0.3630   0.3728   0.0000
   0.2914   0.3363   0.3511   0.3183   0.3777   0.3801   0.3622   0.3710   0.0000
   0.2912   0.3362   0.3505   0.3178   0.3773   0.3793   0.3615   0.3696   0.0000
   0.2911   0.3355   0.3502   0.3173   0.3768   0.3791   0.3605   0.3686   0.0000
   0.2910   0.3349   0.3500   0.3160   0.3768   0.3788   0.3598   0.3676   0.0000
   0.2908   0.3341   0.3495   0.3157   0.3760   0.3786   0.3592   0.3674   0.0000
   0.2904   0.3337   0.3491   0.3148   0.3755   0.3781   0.3589   0.3672   0.0000
   0.2902   0.3331   0.3486   0.3137   0.3753   0.3772   0.3584   0.3671   0.0000
   0.2893   0.3326   0.3481   0.3133   0.3750   0.3757   0.3583   0.3667   0.0000
   0.2884   0.3321   0.3475   0.3133   0.3743   0.3749   0.3584   0.3665   0.0000
   0.2878   0.3315   0.3474   0.3132   0.3724   0.3747   0.3584   0.3667   0.0000
   0.2874   0.3311   0.3466   0.3127   0.3710   0.3747   0.3583   0.3666   0.0000
   0.2871   0.3309   0.3463   0.3123   0.3709   0.3744   0.3581   0.3664   0.0000
   0.2869   0.3308   0.3461   0.3118   0.3708   0.3737   0.3578   0.3663   0.0000
   0.2864   0.3307   0.3456   0.3109   0.3706   0.3727   0.3575   0.3664   0.0000
   0.2860   0.3306   0.3454   0.3104   0.3706   0.3721   0.3570   0.3661   0.0000
   0.2854   0.3306   0.3440   0.3100   0.3709   0.3717   0.3566   0.3660   0.0000
   0.2851   0.3305   0.3433   0.3098   0.3709   0.3714   0.3561   0.3659   0.0000
   0.2847   0.3300   0.3429   0.3094   0.3706   0.3696   0.3559   0.3660   0.0000
   0.2844   0.3289   0.3423   0.3091   0.3706   0.3686   0.3554   0.3660   0.0000
   0.2841   0.3283   0.3420   0.3085   0.3704   0.3676   0.3550   0.3660   0.0000
   0.2837   0.3275   0.3413   0.3081   0.3702   0.3669   0.3545   0.3662   0.0000
   0.2835   0.3268   0.3408   0.3074   0.3701   0.3660   0.4151   0.3665   0.0000
   0.2833   0.3265   0.3401   0.3073   0.3700   0.3654   0.3531   0.3666   0.0000
   0.2830   0.3263   0.3397   0.3072   0.3697   0.3650   0.3526   0.3668   0.0000
   0.2828   0.3250   0.3393   0.3069   0.3691   0.3639   0.3521   0.3668   0.0000
   0.2823   0.3239   0.3387   0.3065   0.3689   0.3626   0.3514   0.3663   0.0000
   0.0000   0.0000   0.3385   0.3063   0.0000   0.3622   0.3507   0.3662   0.0000
   0.0000   0.0000   0.3382   0.0000   0.0000   0.3619   0.3501   0.3661   0.0000
   0.0000   0.0000   0.3376   0.0000   0.0000   0.3617   0.3495   0.3661   0.0000
   0.0000   0.0000   0.3374   0.0000   0.0000   0.3614   0.3488   0.3656   0.0000
   0.0000   0.0000   0.0000   0.0000   0.0000   0.0000   0.3483   0.3656   0.0000
   0.0000   0.0000   0.0000   0.0000   0.0000   0.0000   0.3478   0.3658   0.0000
   0.0000   0.0000   0.0000   0.0000   0.0000   0.0000   0.3475   0.3658   0.0000
   0.0000   0.0000   0.0000   0.0000   0.0000   0.0000   0.3470   0.3656   0.0000
   0.0000   0.0000   0.0000   0.0000   0.0000   0.0000   0.3465   0.3656   0.0000
   0.0000   0.0000   0.0000   0.0000   0.0000   0.0000   0.3457   0.3656   0.0000
   0.0000   0.0000   0.0000   0.0000   0.0000   0.0000   0.3452   0.3652   0.0000
   0.0000   0.0000   0.0000   0.0000   0.0000   0.0000   0.3447   0.3653   0.0000
   0.0000   0.0000   0.0000   0.0000   0.0000   0.0000   0.3442   0.3651   0.0000
   0.0000   0.0000   0.0000   0.0000   0.0000   0.0000   0.3435   0.3651   0.0000
   0.0000   0.0000   0.0000   0.0000   0.0000   0.0000   0.3430   0.3652   0.0000
   0.0000   0.0000   0.0000   0.0000   0.0000   0.0000   0.3424   0.3650   0.0000
   0.0000   0.0000   0.0000   0.0000   0.0000   0.0000   0.3422   0.3649   0.0000
   0.0000   0.0000   0.0000   0.0000   0.0000   0.0000   0.3416   0.3645   0.0000
   0.0000   0.0000   0.0000   0.0000   0.0000   0.0000   0.3409   0.3647   0.0000
   0.0000   0.0000   0.0000   0.0000   0.0000   0.0000   0.3407   0.3644   0.0000
   0.0000   0.0000   0.0000   0.0000   0.0000   0.0000   0.3408   0.3637   0.0000
   0.0000   0.0000   0.0000   0.0000   0.0000   0.0000   0.3400   0.3629   0.0000
   0.0000   0.0000   0.0000   0.0000   0.0000   0.0000   0.0000   0.3617   0.0000
   0.0000   0.0000   0.0000   0.0000   0.0000   0.0000   0.0000   0.3605   0.0000
   0.0000   0.0000   0.0000   0.0000   0.0000   0.0000   0.0000   0.3598   0.0000
   0.0000   0.0000   0.0000   0.0000   0.0000   0.0000   0.0000   0.3588   0.0000
   0.0000   0.0000   0.0000   0.0000   0.0000   0.0000   0.0000   0.3577   0.0000
   0.0000   0.0000   0.0000   0.0000   0.0000   0.0000   0.0000   0.3569   0.0000
   0.0000   0.0000   0.0000   0.0000   0.0000   0.0000   0.0000   0.3563   0.0000
   0.0000   0.0000   0.0000   0.0000   0.0000   0.0000   0.0000   0.3558   0.0000
   0.0000   0.0000   0.0000   0.0000   0.0000   0.0000   0.0000   0.3550   0.0000
   0.0000   0.0000   0.0000   0.0000   0.0000   0.0000   0.0000   0.3534   0.0000
   0.0000   0.0000   0.0000   0.0000   0.0000   0.0000   0.0000   0.3518   0.0000
   0.0000   0.0000   0.0000   0.0000   0.0000   0.0000   0.0000   0.3503   0.0000
   0.0000   0.0000   0.0000   0.0000   0.0000   0.0000   0.0000   0.3491   0.0000
   0.0000   0.0000   0.0000   0.0000   0.0000   0.0000   0.0000   0.3481   0.0000
   0.0000   0.0000   0.0000   0.0000   0.0000   0.0000   0.0000   0.3473   0.0000
   0.0000   0.0000   0.0000   0.0000   0.0000   0.0000   0.0000   0.3469   0.0000
   0.0000   0.0000   0.0000   0.0000   0.0000   0.0000   0.0000   0.3466   0.0000
   0.0000   0.0000   0.0000   0.0000   0.0000   0.0000   0.0000   0.3456   0.0000
   0.0000   0.0000   0.0000   0.0000   0.0000   0.0000   0.0000   0.3443   0.0000
   0.0000   0.0000   0.0000   0.0000   0.0000   0.0000   0.0000   0.3438   0.0000
   0.0000   0.0000   0.0000   0.0000   0.0000   0.0000   0.0000   0.3434   0.0000
   0.0000   0.0000   0.0000   0.0000   0.0000   0.0000   0.0000   0.3433   0.0000
   0.0000   0.0000   0.0000   0.0000   0.0000   0.0000   0.0000   0.3430   0.0000
   0.0000   0.0000   0.0000   0.0000   0.0000   0.0000   0.0000   0.3426   0.0000
   0.0000   0.0000   0.0000   0.0000   0.0000   0.0000   0.0000   0.3425   0.0000
   0.0000   0.0000   0.0000   0.0000   0.0000   0.0000   0.0000   0.3421   0.0000
   0.0000   0.0000   0.0000   0.0000   0.0000   0.0000   0.0000   0.3416   0.0000
   0.0000   0.0000   0.0000   0.0000   0.0000   0.0000   0.0000   0.3409   0.0000
   0.0000   0.0000   0.0000   0.0000   0.0000   0.0000   0.0000   0.3409   0.0000
   0.0000   0.0000   0.0000   0.0000   0.0000   0.0000   0.0000   0.3410   0.0000
   0.0000   0.0000   0.0000   0.0000   0.0000   0.0000   0.0000   0.3402   0.0000
   0.0000   0.0000   0.0000   0.0000   0.0000   0.0000   0.0000   0.3396   0.0000
   0.0000   0.0000   0.0000   0.0000   0.0000   0.0000   0.0000   0.3393   0.0000
   0.0000   0.0000   0.0000   0.0000   0.0000   0.0000   0.0000   0.3394   0.0000
   0.0000   0.0000   0.0000   0.0000   0.0000   0.0000   0.0000   0.3388   0.0000
   0.0000   0.0000   0.0000   0.0000   0.0000   0.0000   0.0000   0.3382   0.0000
   0.0000   0.0000   0.0000   0.0000   0.0000   0.0000   0.0000   0.3378   0.0000
   0.0000   0.0000   0.0000   0.0000   0.0000   0.0000   0.0000   0.3370   0.0000
   0.0000   0.0000   0.0000   0.0000   0.0000   0.0000   0.0000   0.3363   0.0000
   0.0000   0.0000   0.0000   0.0000   0.0000   0.0000   0.0000   0.3357   0.0000
   0.0000   0.0000   0.0000   0.0000   0.0000   0.0000   0.0000   0.3352   0.0000
   0.0000   0.0000   0.0000   0.0000   0.0000   0.0000   0.0000   0.3348   0.0000
   0.0000   0.0000   0.0000   0.0000   0.0000   0.0000   0.0000   0.3343   0.0000
   0.0000   0.0000   0.0000   0.0000   0.0000   0.0000   0.0000   0.3343   0.0000
   0.0000   0.0000   0.0000   0.0000   0.0000   0.0000   0.0000   0.3343   0.0000
   0.0000   0.0000   0.0000   0.0000   0.0000   0.0000   0.0000   0.3343   0.0000
   0.0000   0.0000   0.0000   0.0000   0.0000   0.0000   0.0000   0.3336   0.0000
   0.0000   0.0000   0.0000   0.0000   0.0000   0.0000   0.0000   0.3331   0.0000
   0.0000   0.0000   0.0000   0.0000   0.0000   0.0000   0.0000   0.3327   0.0000
   0.0000   0.0000   0.0000   0.0000   0.0000   0.0000   0.0000   0.3321   0.0000
   0.0000   0.0000   0.0000   0.0000   0.0000   0.0000   0.0000   0.3306   0.0000
   0.0000   0.0000   0.0000   0.0000   0.0000   0.0000   0.0000   0.3296   0.0000
   0.0000   0.0000   0.0000   0.0000   0.0000   0.0000   0.0000   0.3291   0.0000
   0.0000   0.0000   0.0000   0.0000   0.0000   0.0000   0.0000   0.3946   0.0000
   0.0000   0.0000   0.0000   0.0000   0.0000   0.0000   0.0000   0.3277   0.0000
   0.0000   0.0000   0.0000   0.0000   0.0000   0.0000   0.0000   0.3274   0.0000
   0.0000   0.0000   0.0000   0.0000   0.0000   0.0000   0.0000   0.3272   0.0000
   0.0000   0.0000   0.0000   0.0000   0.0000   0.0000   0.0000   0.3267   0.0000
   0.0000   0.0000   0.0000   0.0000   0.0000   0.0000   0.0000   0.3263   0.0000
   0.0000   0.0000   0.0000   0.0000   0.0000   0.0000   0.0000   0.3264   0.0000
   0.0000   0.0000   0.0000   0.0000   0.0000   0.0000   0.0000   0.3259   0.0000
   0.0000   0.0000   0.0000   0.0000   0.0000   0.0000   0.0000   0.0000   0.0000
   0.0000   0.0000   0.0000   0.0000   0.0000   0.0000   0.0000   0.0000   0.0000
   0.0000   0.0000   0.0000   0.0000   0.0000   0.0000   0.0000   0.0000   0.0000
   0.0000   0.0000   0.0000   0.0000   0.0000   0.0000   0.0000   0.0000   0.0000
   0.0000   0.0000   0.0000   0.0000   0.0000   0.0000   0.0000   0.0000   0.0000
   0.0000   0.0000   0.0000   0.0000   0.0000   0.0000   0.0000   0.0000   0.0000
   0.0000   0.0000   0.0000   0.0000   0.0000   0.0000   0.0000   0.0000   0.0000
   0.0000   0.0000   0.0000   0.0000   0.0000   0.0000   0.0000   0.0000   0.0000
   0.0000   0.0000   0.0000   0.0000   0.0000   0.0000   0.0000   0.0000   0.0000
   0.0000   0.0000   0.0000   0.0000   0.0000   0.0000   0.0000   0.0000   0.0000
   0.0000   0.0000   0.0000   0.0000   0.0000   0.0000   0.0000   0.0000   0.0000
   0.0000   0.0000   0.0000   0.0000   0.0000   0.0000   0.0000   0.0000   0.0000
   0.0000   0.0000   0.0000   0.0000   0.0000   0.0000   0.0000   0.0000   0.0000
   0.0000   0.0000   0.0000   0.0000   0.0000   0.0000   0.0000   0.0000   0.0000
   0.0000   0.0000   0.0000   0.0000   0.0000   0.0000   0.0000   0.0000   0.0000
   0.0000   0.0000   0.0000   0.0000   0.0000   0.0000   0.0000   0.0000   0.0000
   0.0000   0.0000   0.0000   0.0000   0.0000   0.0000   0.0000   0.0000   0.0000
   0.0000   0.0000   0.0000   0.0000   0.0000   0.0000   0.0000   0.0000   0.0000
   0.0000   0.0000   0.0000   0.0000   0.0000   0.0000   0.0000   0.0000   0.0000
   0.0000   0.0000   0.0000   0.0000   0.0000   0.0000   0.0000   0.0000   0.0000
   0.0000   0.0000   0.0000   0.0000   0.0000   0.0000   0.0000   0.0000   0.0000
   0.0000   0.0000   0.0000   0.0000   0.0000   0.0000   0.0000   0.0000   0.0000
   0.0000   0.0000   0.0000   0.0000   0.0000   0.0000   0.0000   0.0000   0.0000
   0.0000   0.0000   0.0000   0.0000   0.0000   0.0000   0.0000   0.0000   0.0000
   0.0000   0.0000   0.0000   0.0000   0.0000   0.0000   0.0000   0.0000   0.0000
   0.0000   0.0000   0.0000   0.0000   0.0000   0.0000   0.0000   0.0000   0.0000
   0.0000   0.0000   0.0000   0.0000   0.0000   0.0000   0.0000   0.0000   0.0000
   0.0000   0.0000   0.0000   0.0000   0.0000   0.0000   0.0000   0.0000   0.0000
   0.0000   0.0000   0.0000   0.0000   0.0000   0.0000   0.0000   0.0000   0.0000
   0.0000   0.0000   0.0000   0.0000   0.0000   0.0000   0.0000   0.0000   0.0000
   0.0000   0.0000   0.0000   0.0000   0.0000   0.0000   0.0000   0.0000   0.0000
   0.0000   0.0000   0.0000   0.0000   0.0000   0.0000   0.0000   0.0000   0.0000
   0.0000   0.0000   0.0000   0.0000   0.0000   0.0000   0.0000   0.0000   0.0000
   0.0000   0.0000   0.0000   0.0000   0.0000   0.0000   0.0000   0.0000   0.0000
   0.0000   0.0000   0.0000   0.0000   0.0000   0.0000   0.0000   0.0000   0.0000
   0.0000   0.0000   0.0000   0.0000   0.0000   0.0000   0.0000   0.0000   0.0000
   0.0000   0.0000   0.0000   0.0000   0.0000   0.0000   0.0000   0.0000   0.0000
   0.0000   0.0000   0.0000   0.0000   0.0000   0.0000   0.0000   0.0000   0.0000
   0.0000   0.0000   0.0000   0.0000   0.0000   0.0000   0.0000   0.0000   0.0000
   0.0000   0.0000   0.0000   0.0000   0.0000   0.0000   0.0000   0.0000   0.0000
   0.0000   0.0000   0.0000   0.0000   0.0000   0.0000   0.0000   0.0000   0.0000
   0.0000   0.0000   0.0000   0.0000   0.0000   0.0000   0.0000   0.0000   0.0000
   0.0000   0.0000   0.0000   0.0000   0.0000   0.0000   0.0000   0.0000   0.0000
   0.0000   0.0000   0.0000   0.0000   0.0000   0.0000   0.0000   0.0000   0.0000
   0.0000   0.0000   0.0000   0.0000   0.0000   0.0000   0.0000   0.0000   0.0000
   0.0000   0.0000   0.0000   0.0000   0.0000   0.0000   0.0000   0.0000   0.0000
   0.0000   0.0000   0.0000   0.0000   0.0000   0.0000   0.0000   0.0000   0.0000
   0.0000   0.0000   0.0000   0.0000   0.0000   0.0000   0.0000   0.0000   0.0000
   0.0000   0.0000   0.0000   0.0000   0.0000   0.0000   0.0000   0.0000   0.0000
   0.0000   0.0000   0.0000   0.0000   0.0000   0.0000   0.0000   0.0000   0.0000
   0.0000   0.0000   0.0000   0.0000   0.0000   0.0000   0.0000   0.0000   0.0000
   0.0000   0.0000   0.0000   0.0000   0.0000   0.0000   0.0000   0.0000   0.0000
   0.0000   0.0000   0.0000   0.0000   0.0000   0.0000   0.0000   0.0000   0.0000
   0.0000   0.0000   0.0000   0.0000   0.0000   0.0000   0.0000   0.0000   0.0000
   0.0000   0.0000   0.0000   0.0000   0.0000   0.0000   0.0000   0.0000   0.0000
   0.0000   0.0000   0.0000   0.0000   0.0000   0.0000   0.0000   0.0000   0.0000
   0.0000   0.0000   0.0000   0.0000   0.0000   0.0000   0.0000   0.0000   0.0000
   0.0000   0.0000   0.0000   0.0000   0.0000   0.0000   0.0000   0.0000   0.0000
   0.0000   0.0000   0.0000   0.0000   0.0000   0.0000   0.0000   0.0000   0.0000
   0.0000   0.0000   0.0000   0.0000   0.0000   0.0000   0.0000   0.0000   0.0000
   0.0000   0.0000   0.0000   0.0000   0.0000   0.0000   0.0000   0.0000   0.0000
   0.0000   0.0000   0.0000   0.0000   0.0000   0.0000   0.0000   0.0000   0.0000
   0.0000   0.0000   0.0000   0.0000   0.0000   0.0000   0.0000   0.0000   0.0000
   0.0000   0.0000   0.0000   0.0000   0.0000   0.0000   0.0000   0.0000   0.0000
   0.0000   0.0000   0.0000   0.0000   0.0000   0.0000   0.0000   0.0000   0.0000
   0.0000   0.0000   0.0000   0.0000   0.0000   0.0000   0.0000   0.0000   0.0000
   0.0000   0.0000   0.0000   0.0000   0.0000   0.0000   0.0000   0.0000   0.0000
   0.0000   0.0000   0.0000   0.0000   0.0000   0.0000   0.0000   0.0000   0.0000
   0.0000   0.0000   0.0000   0.0000   0.0000   0.0000   0.0000   0.0000   0.0000
   0.0000   0.0000   0.0000   0.0000   0.0000   0.0000   0.0000   0.0000   0.0000
   0.0000   0.0000   0.0000   0.0000   0.0000   0.0000   0.0000   0.0000   0.0000
   0.0000   0.0000   0.0000   0.0000   0.0000   0.0000   0.0000   0.0000   0.0000
   0.0000   0.0000   0.0000   0.0000   0.0000   0.0000   0.0000   0.0000   0.0000
   0.0000   0.0000   0.0000   0.0000   0.0000   0.0000   0.0000   0.0000   0.0000
   0.0000   0.0000   0.0000   0.0000   0.0000   0.0000   0.0000   0.0000   0.0000
   0.0000   0.0000   0.0000   0.0000   0.0000   0.0000   0.0000   0.0000   0.0000
   0.0000   0.0000   0.0000   0.0000   0.0000   0.0000   0.0000   0.0000   0.0000
   0.0000   0.0000   0.0000   0.0000   0.0000   0.0000   0.0000   0.0000   0.0000
   0.0000   0.0000   0.0000   0.0000   0.0000   0.0000   0.0000   0.0000   0.0000
   0.0000   0.0000   0.0000   0.0000   0.0000   0.0000   0.0000   0.0000   0.0000
   0.0000   0.0000   0.0000   0.0000   0.0000   0.0000   0.0000   0.0000   0.0000
   0.0000   0.0000   0.0000   0.0000   0.0000   0.0000   0.0000   0.0000   0.0000
   0.0000   0.0000   0.0000   0.0000   0.0000   0.0000   0.0000   0.0000   0.0000
   0.0000   0.0000   0.0000   0.0000   0.0000   0.0000   0.0000   0.0000   0.0000
   0.0000   0.0000   0.0000   0.0000   0.0000   0.0000   0.0000   0.0000   0.0000
   0.0000   0.0000   0.0000   0.0000   0.0000   0.0000   0.0000   0.0000   0.0000
   0.0000   0.0000   0.0000   0.0000   0.0000   0.0000   0.0000   0.0000   0.0000
   0.0000   0.0000   0.0000   0.0000   0.0000   0.0000   0.0000   0.0000   0.0000
   0.0000   0.0000   0.0000   0.0000   0.0000   0.0000   0.0000   0.0000   0.0000
   0.0000   0.0000   0.0000   0.0000   0.0000   0.0000   0.0000   0.0000   0.0000
   0.0000   0.0000   0.0000   0.0000   0.0000   0.0000   0.0000   0.0000   0.0000
   0.0000   0.0000   0.0000   0.0000   0.0000   0.0000   0.0000   0.0000   0.0000
   0.0000   0.0000   0.0000   0.0000   0.0000   0.0000   0.0000   0.0000   0.0000
   0.0000   0.0000   0.0000   0.0000   0.0000   0.0000   0.0000   0.0000   0.0000
   0.0000   0.0000   0.0000   0.0000   0.0000   0.0000   0.0000   0.0000   0.0000
   0.0000   0.0000   0.0000   0.0000   0.0000   0.0000   0.0000   0.0000   0.0000
   0.0000   0.0000   0.0000   0.0000   0.0000   0.0000   0.0000   0.0000   0.0000
   0.0000   0.0000   0.0000   0.0000   0.0000   0.0000   0.0000   0.0000   0.0000
   0.0000   0.0000   0.0000   0.0000   0.0000   0.0000   0.0000   0.0000   0.0000
   0.0000   0.0000   0.0000   0.0000   0.0000   0.0000   0.0000   0.0000   0.0000
   0.0000   0.0000   0.0000   0.0000   0.0000   0.0000   0.0000   0.0000   0.0000
   0.0000   0.0000   0.0000   0.0000   0.0000   0.0000   0.0000   0.0000   0.0000
   0.0000   0.0000   0.0000   0.0000   0.0000   0.0000   0.0000   0.0000   0.0000
   0.0000   0.0000   0.0000   0.0000   0.0000   0.0000   0.0000   0.0000   0.0000
   0.0000   0.0000   0.0000   0.0000   0.0000   0.0000   0.0000   0.0000   0.0000
   0.0000   0.0000   0.0000   0.0000   0.0000   0.0000   0.0000   0.0000   0.0000
   0.0000   0.0000   0.0000   0.0000   0.0000   0.0000   0.0000   0.0000   0.0000
   0.0000   0.0000   0.0000   0.0000   0.0000   0.0000   0.0000   0.0000   0.0000
   0.0000   0.0000   0.0000   0.0000   0.0000   0.0000   0.0000   0.0000   0.0000
   0.0000   0.0000   0.0000   0.0000   0.0000   0.0000   0.0000   0.0000   0.0000
   0.0000   0.0000   0.0000   0.0000   0.0000   0.0000   0.0000   0.0000   0.0000
   0.0000   0.0000   0.0000   0.0000   0.0000   0.0000   0.0000   0.0000   0.0000
   0.0000   0.0000   0.0000   0.0000   0.0000   0.0000   0.0000   0.0000   0.0000
   0.0000   0.0000   0.0000   0.0000   0.0000   0.0000   0.0000   0.0000   0.0000
   0.0000   0.0000   0.0000   0.0000   0.0000   0.0000   0.0000   0.0000   0.0000
   0.0000   0.0000   0.0000   0.0000   0.0000   0.0000   0.0000   0.0000   0.0000
   0.0000   0.0000   0.0000   0.0000   0.0000   0.0000   0.0000   0.0000   0.0000
   0.0000   0.0000   0.0000   0.0000   0.0000   0.0000   0.0000   0.0000   0.0000
   0.0000   0.0000   0.0000   0.0000   0.0000   0.0000   0.0000   0.0000   0.0000
   0.0000   0.0000   0.0000   0.0000   0.0000   0.0000   0.0000   0.0000   0.0000
   0.0000   0.0000   0.0000   0.0000   0.0000   0.0000   0.0000   0.0000   0.0000
   0.0000   0.0000   0.0000   0.0000   0.0000   0.0000   0.0000   0.0000   0.0000
   0.0000   0.0000   0.0000   0.0000   0.0000   0.0000   0.0000   0.0000   0.0000
   0.0000   0.0000   0.0000   0.0000   0.0000   0.0000   0.0000   0.0000   0.0000
   0.0000   0.0000   0.0000   0.0000   0.0000   0.0000   0.0000   0.0000   0.0000
   0.0000   0.0000   0.0000   0.0000   0.0000   0.0000   0.0000   0.0000   0.0000
   0.0000   0.0000   0.0000   0.0000   0.0000   0.0000   0.0000   0.0000   0.0000
   0.0000   0.0000   0.0000   0.0000   0.0000   0.0000   0.0000   0.0000   0.0000
   0.0000   0.0000   0.0000   0.0000   0.0000   0.0000   0.0000   0.0000   0.0000
   0.0000   0.0000   0.0000   0.0000   0.0000   0.0000   0.0000   0.0000   0.0000
   0.0000   0.0000   0.0000   0.0000   0.0000   0.0000   0.0000   0.0000   0.0000
   0.0000   0.0000   0.0000   0.0000   0.0000   0.0000   0.0000   0.0000   0.0000
   0.0000   0.0000   0.0000   0.0000   0.0000   0.0000   0.0000   0.0000   0.0000
   0.0000   0.0000   0.0000   0.0000   0.0000   0.0000   0.0000   0.0000   0.0000
   0.0000   0.0000   0.0000   0.0000   0.0000   0.0000   0.0000   0.0000   0.0000
   0.0000   0.0000   0.0000   0.0000   0.0000   0.0000   0.0000   0.0000   0.0000
   0.0000   0.0000   0.0000   0.0000   0.0000   0.0000   0.0000   0.0000   0.0000
   0.0000   0.0000   0.0000   0.0000   0.0000   0.0000   0.0000   0.0000   0.0000
   0.0000   0.0000   0.0000   0.0000   0.0000   0.0000   0.0000   0.0000   0.0000
   0.0000   0.0000   0.0000   0.0000   0.0000   0.0000   0.0000   0.0000   0.0000
   0.0000   0.0000   0.0000   0.0000   0.0000   0.0000   0.0000   0.0000   0.0000
   0.0000   0.0000   0.0000   0.0000   0.0000   0.0000   0.0000   0.0000   0.0000
   0.0000   0.0000   0.0000   0.0000   0.0000   0.0000   0.0000   0.0000   0.0000
   0.0000   0.0000   0.0000   0.0000   0.0000   0.0000   0.0000   0.0000   0.0000
   0.0000   0.0000   0.0000   0.0000   0.0000   0.0000   0.0000   0.0000   0.0000
   0.0000   0.0000   0.0000   0.0000   0.0000   0.0000   0.0000   0.0000   0.0000
   0.0000   0.0000   0.0000   0.0000   0.0000   0.0000   0.0000   0.0000   0.0000
   0.0000   0.0000   0.0000   0.0000   0.0000   0.0000   0.0000   0.0000   0.0000
   0.0000   0.0000   0.0000   0.0000   0.0000   0.0000   0.0000   0.0000   0.0000
   0.0000   0.0000   0.0000   0.0000   0.0000   0.0000   0.0000   0.0000   0.0000
   0.0000   0.0000   0.0000   0.0000   0.0000   0.0000   0.0000   0.0000   0.0000
   0.0000   0.0000   0.0000   0.0000   0.0000   0.0000   0.0000   0.0000   0.0000
   0.0000   0.0000   0.0000   0.0000   0.0000   0.0000   0.0000   0.0000   0.0000
   0.0000   0.0000   0.0000   0.0000   0.0000   0.0000   0.0000   0.0000   0.0000
   0.0000   0.0000   0.0000   0.0000   0.0000   0.0000   0.0000   0.0000   0.0000
   0.0000   0.0000   0.0000   0.0000   0.0000   0.0000   0.0000   0.0000   0.0000
   0.0000   0.0000   0.0000   0.0000   0.0000   0.0000   0.0000   0.0000   0.0000
   0.0000   0.0000   0.0000   0.0000   0.0000   0.0000   0.0000   0.0000   0.0000
   0.0000   0.0000   0.0000   0.0000   0.0000   0.0000   0.0000   0.0000   0.0000
   0.0000   0.0000   0.0000   0.0000   0.0000   0.0000   0.0000   0.0000   0.0000
   0.0000   0.0000   0.0000   0.0000   0.0000   0.0000   0.0000   0.0000   0.0000
   0.0000   0.0000   0.0000   0.0000   0.0000   0.0000   0.0000   0.0000   0.0000
   0.0000   0.0000   0.0000   0.0000   0.0000   0.0000   0.0000   0.0000   0.0000
   0.0000   0.0000   0.0000   0.0000   0.0000   0.0000   0.0000   0.0000   0.0000
   0.0000   0.0000   0.0000   0.0000   0.0000   0.0000   0.0000   0.0000   0.0000
   0.0000   0.0000   0.0000   0.0000   0.0000   0.0000   0.0000   0.0000   0.0000
   0.0000   0.0000   0.0000   0.0000   0.0000   0.0000   0.0000   0.0000   0.0000
   0.0000   0.0000   0.0000   0.0000   0.0000   0.0000   0.0000   0.0000   0.0000
   0.0000   0.0000   0.0000   0.0000   0.0000   0.0000   0.0000   0.0000   0.0000
   0.0000   0.0000   0.0000   0.0000   0.0000   0.0000   0.0000   0.0000   0.0000
   0.0000   0.0000   0.0000   0.0000   0.0000   0.0000   0.0000   0.0000   0.0000
   0.0000   0.0000   0.0000   0.0000   0.0000   0.0000   0.0000   0.0000   0.0000
   0.0000   0.0000   0.0000   0.0000   0.0000   0.0000   0.0000   0.0000   0.0000
   0.0000   0.0000   0.0000   0.0000   0.0000   0.0000   0.0000   0.0000   0.0000
   0.0000   0.0000   0.0000   0.0000   0.0000   0.0000   0.0000   0.0000   0.0000
   0.0000   0.0000   0.0000   0.0000   0.0000   0.0000   0.0000   0.0000   0.0000
   0.0000   0.0000   0.0000   0.0000   0.0000   0.0000   0.0000   0.0000   0.0000
   0.0000   0.0000   0.0000   0.0000   0.0000   0.0000   0.0000   0.0000   0.0000
   0.0000   0.0000   0.0000   0.0000   0.0000   0.0000   0.0000   0.0000   0.0000
   0.0000   0.0000   0.0000   0.0000   0.0000   0.0000   0.0000   0.0000   0.0000
   0.0000   0.0000   0.0000   0.0000   0.0000   0.0000   0.0000   0.0000   0.0000
   0.0000   0.0000   0.0000   0.0000   0.0000   0.0000   0.0000   0.0000   0.0000
   0.0000   0.0000   0.0000   0.0000   0.0000   0.0000   0.0000   0.0000   0.0000
   0.0000   0.0000   0.0000   0.0000   0.0000   0.0000   0.0000   0.0000   0.0000
   0.0000   0.0000   0.0000   0.0000   0.0000   0.0000   0.0000   0.0000   0.0000
   0.0000   0.0000   0.0000   0.0000   0.0000   0.0000   0.0000   0.0000   0.0000
   0.0000   0.0000   0.0000   0.0000   0.0000   0.0000   0.0000   0.0000   0.0000
   0.0000   0.0000   0.0000   0.0000   0.0000   0.0000   0.0000   0.0000   0.0000
   0.0000   0.0000   0.0000   0.0000   0.0000   0.0000   0.0000   0.0000   0.0000
   0.0000   0.0000   0.0000   0.0000   0.0000   0.0000   0.0000   0.0000   0.0000
   0.0000   0.0000   0.0000   0.0000   0.0000   0.0000   0.0000   0.0000   0.0000
   0.0000   0.0000   0.0000   0.0000   0.0000   0.0000   0.0000   0.0000   0.0000
   0.0000   0.0000   0.0000   0.0000   0.0000   0.0000   0.0000   0.0000   0.0000
   0.0000   0.0000   0.0000   0.0000   0.0000   0.0000   0.0000   0.0000   0.0000
   0.0000   0.0000   0.0000   0.0000   0.0000   0.0000   0.0000   0.0000   0.0000
   0.0000   0.0000   0.0000   0.0000   0.0000   0.0000   0.0000   0.0000   0.0000
   0.0000   0.0000   0.0000   0.0000   0.0000   0.0000   0.0000   0.0000   0.0000
   0.0000   0.0000   0.0000   0.0000   0.0000   0.0000   0.0000   0.0000   0.0000
   0.0000   0.0000   0.0000   0.0000   0.0000   0.0000   0.0000   0.0000   0.0000
   0.0000   0.0000   0.0000   0.0000   0.0000   0.0000   0.0000   0.0000   0.0000
   0.0000   0.0000   0.0000   0.0000   0.0000   0.0000   0.0000   0.0000   0.0000
   0.0000   0.0000   0.0000   0.0000   0.0000   0.0000   0.0000   0.0000   0.0000
   0.0000   0.0000   0.0000   0.0000   0.0000   0.0000   0.0000   0.0000   0.0000
   0.0000   0.0000   0.0000   0.0000   0.0000   0.0000   0.0000   0.0000   0.0000
   0.0000   0.0000   0.0000   0.0000   0.0000   0.0000   0.0000   0.0000   0.0000
   0.0000   0.0000   0.0000   0.0000   0.0000   0.0000   0.0000   0.0000   0.0000
   0.0000   0.0000   0.0000   0.0000   0.0000   0.0000   0.0000   0.0000   0.0000
   0.0000   0.0000   0.0000   0.0000   0.0000   0.0000   0.0000   0.0000   0.0000
   0.0000   0.0000   0.0000   0.0000   0.0000   0.0000   0.0000   0.0000   0.0000
   0.0000   0.0000   0.0000   0.0000   0.0000   0.0000   0.0000   0.0000   0.0000
   0.0000   0.0000   0.0000   0.0000   0.0000   0.0000   0.0000   0.0000   0.0000
   0.0000   0.0000   0.0000   0.0000   0.0000   0.0000   0.0000   0.0000   0.0000
   0.0000   0.0000   0.0000   0.0000   0.0000   0.0000   0.0000   0.0000   0.0000
   0.0000   0.0000   0.0000   0.0000   0.0000   0.0000   0.0000   0.0000   0.0000
   0.0000   0.0000   0.0000   0.0000   0.0000   0.0000   0.0000   0.0000   0.0000
   0.0000   0.0000   0.0000   0.0000   0.0000   0.0000   0.0000   0.0000   0.0000
   0.0000   0.0000   0.0000   0.0000   0.0000   0.0000   0.0000   0.0000   0.0000
   0.0000   0.0000   0.0000   0.0000   0.0000   0.0000   0.0000   0.0000   0.0000
   0.0000   0.0000   0.0000   0.0000   0.0000   0.0000   0.0000   0.0000   0.0000
   0.0000   0.0000   0.0000   0.0000   0.0000   0.0000   0.0000   0.0000   0.0000
   0.0000   0.0000   0.0000   0.0000   0.0000   0.0000   0.0000   0.0000   0.0000
   0.0000   0.0000   0.0000   0.0000   0.0000   0.0000   0.0000   0.0000   0.0000
   0.0000   0.0000   0.0000   0.0000   0.0000   0.0000   0.0000   0.0000   0.0000
   0.0000   0.0000   0.0000   0.0000   0.0000   0.0000   0.0000   0.0000   0.0000
   0.0000   0.0000   0.0000   0.0000   0.0000   0.0000   0.0000   0.0000   0.0000
   0.0000   0.0000   0.0000   0.0000   0.0000   0.0000   0.0000   0.0000   0.0000
   0.0000   0.0000   0.0000   0.0000   0.0000   0.0000   0.0000   0.0000   0.0000
   0.0000   0.0000   0.0000   0.0000   0.0000   0.0000   0.0000   0.0000   0.0000
   0.0000   0.0000   0.0000   0.0000   0.0000   0.0000   0.0000   0.0000   0.0000
   0.0000   0.0000   0.0000   0.0000   0.0000   0.0000   0.0000   0.0000   0.0000
   0.0000   0.0000   0.0000   0.0000   0.0000   0.0000   0.0000   0.0000   0.0000
   0.0000   0.0000   0.0000   0.0000   0.0000   0.0000   0.0000   0.0000   0.0000
   0.0000   0.0000   0.0000   0.0000   0.0000   0.0000   0.0000   0.0000   0.0000
   0.0000   0.0000   0.0000   0.0000   0.0000   0.0000   0.0000   0.0000   0.0000
   0.0000   0.0000   0.0000   0.0000   0.0000   0.0000   0.0000   0.0000   0.0000
   0.0000   0.0000   0.0000   0.0000   0.0000   0.0000   0.0000   0.0000   0.0000
   0.0000   0.0000   0.0000   0.0000   0.0000   0.0000   0.0000   0.0000   0.0000
   0.0000   0.0000   0.0000   0.0000   0.0000   0.0000   0.0000   0.0000   0.0000
   0.0000   0.0000   0.0000   0.0000   0.0000   0.0000   0.0000   0.0000   0.0000
   0.0000   0.0000   0.0000   0.0000   0.0000   0.0000   0.0000   0.0000   0.0000
   0.0000   0.0000   0.0000   0.0000   0.0000   0.0000   0.0000   0.0000   0.0000
   0.0000   0.0000   0.0000   0.0000   0.0000   0.0000   0.0000   0.0000   0.0000
   0.0000   0.0000   0.0000   0.0000   0.0000   0.0000   0.0000   0.0000   0.0000
   0.0000   0.0000   0.0000   0.0000   0.0000   0.0000   0.0000   0.0000   0.0000
   0.0000   0.0000   0.0000   0.0000   0.0000   0.0000   0.0000   0.0000   0.0000
   0.0000   0.0000   0.0000   0.0000   0.0000   0.0000   0.0000   0.0000   0.0000
   0.0000   0.0000   0.0000   0.0000   0.0000   0.0000   0.0000   0.0000   0.0000
   0.0000   0.0000   0.0000   0.0000   0.0000   0.0000   0.0000   0.0000   0.0000
   0.0000   0.0000   0.0000   0.0000   0.0000   0.0000   0.0000   0.0000   0.0000
   0.0000   0.0000   0.0000   0.0000   0.0000   0.0000   0.0000   0.0000   0.0000
   0.0000   0.0000   0.0000   0.0000   0.0000   0.0000   0.0000   0.0000   0.0000
   0.0000   0.0000   0.0000   0.0000   0.0000   0.0000   0.0000   0.0000   0.0000
   0.0000   0.0000   0.0000   0.0000   0.0000   0.0000   0.0000   0.0000   0.0000
   0.0000   0.0000   0.0000   0.0000   0.0000   0.0000   0.0000   0.0000   0.0000
   0.0000   0.0000   0.0000   0.0000   0.0000   0.0000   0.0000   0.0000   0.0000
   0.0000   0.0000   0.0000   0.0000   0.0000   0.0000   0.0000   0.0000   0.0000
   0.0000   0.0000   0.0000   0.0000   0.0000   0.0000   0.0000   0.0000   0.0000
   0.0000   0.0000   0.0000   0.0000   0.0000   0.0000   0.0000   0.0000   0.0000
   0.0000   0.0000   0.0000   0.0000   0.0000   0.0000   0.0000   0.0000   0.0000
   0.0000   0.0000   0.0000   0.0000   0.0000   0.0000   0.0000   0.0000   0.0000
   0.0000   0.0000   0.0000   0.0000   0.0000   0.0000   0.0000   0.0000   0.0000
   0.0000   0.0000   0.0000   0.0000   0.0000   0.0000   0.0000   0.0000   0.0000
   0.0000   0.0000   0.0000   0.0000   0.0000   0.0000   0.0000   0.0000   0.0000
   0.0000   0.0000   0.0000   0.0000   0.0000   0.0000   0.0000   0.0000   0.0000
   0.0000   0.0000   0.0000   0.0000   0.0000   0.0000   0.0000   0.0000   0.0000
   0.0000   0.0000   0.0000   0.0000   0.0000   0.0000   0.0000   0.0000   0.0000
   0.0000   0.0000   0.0000   0.0000   0.0000   0.0000   0.0000   0.0000   0.0000
   0.0000   0.0000   0.0000   0.0000   0.0000   0.0000   0.0000   0.0000   0.0000
   0.0000   0.0000   0.0000   0.0000   0.0000   0.0000   0.0000   0.0000   0.0000
   0.0000   0.0000   0.0000   0.0000   0.0000   0.0000   0.0000   0.0000   0.0000
   0.0000   0.0000   0.0000   0.0000   0.0000   0.0000   0.0000   0.0000   0.0000
   0.0000   0.0000   0.0000   0.0000   0.0000   0.0000   0.0000   0.0000   0.0000
   0.0000   0.0000   0.0000   0.0000   0.0000   0.0000   0.0000   0.0000   0.0000
   0.0000   0.0000   0.0000   0.0000   0.0000   0.0000   0.0000   0.0000   0.0000
   0.0000   0.0000   0.0000   0.0000   0.0000   0.0000   0.0000   0.0000   0.0000
   0.0000   0.0000   0.0000   0.0000   0.0000   0.0000   0.0000   0.0000   0.0000
   0.0000   0.0000   0.0000   0.0000   0.0000   0.0000   0.0000   0.0000   0.0000
   0.0000   0.0000   0.0000   0.0000   0.0000   0.0000   0.0000   0.0000   0.0000
   0.0000   0.0000   0.0000   0.0000   0.0000   0.0000   0.0000   0.0000   0.0000
   0.0000   0.0000   0.0000   0.0000   0.0000   0.0000   0.0000   0.0000   0.0000
   0.0000   0.0000   0.0000   0.0000   0.0000   0.0000   0.0000   0.0000   0.0000
   0.0000   0.0000   0.0000   0.0000   0.0000   0.0000   0.0000   0.0000   0.0000
   0.0000   0.0000   0.0000   0.0000   0.0000   0.0000   0.0000   0.0000   0.0000
   0.0000   0.0000   0.0000   0.0000   0.0000   0.0000   0.0000   0.0000   0.0000
   0.0000   0.0000   0.0000   0.0000   0.0000   0.0000   0.0000   0.0000   0.0000
   0.0000   0.0000   0.0000   0.0000   0.0000   0.0000   0.0000   0.0000   0.0000
   0.0000   0.0000   0.0000   0.0000   0.0000   0.0000   0.0000   0.0000   0.0000
   0.0000   0.0000   0.0000   0.0000   0.0000   0.0000   0.0000   0.0000   0.0000
   0.0000   0.0000   0.0000   0.0000   0.0000   0.0000   0.0000   0.0000   0.0000
   0.0000   0.0000   0.0000   0.0000   0.0000   0.0000   0.0000   0.0000   0.0000
   0.0000   0.0000   0.0000   0.0000   0.0000   0.0000   0.0000   0.0000   0.0000
   0.0000   0.0000   0.0000   0.0000   0.0000   0.0000   0.0000   0.0000   0.0000
   0.0000   0.0000   0.0000   0.0000   0.0000   0.0000   0.0000   0.0000   0.0000
   0.0000   0.0000   0.0000   0.0000   0.0000   0.0000   0.0000   0.0000   0.0000
   0.0000   0.0000   0.0000   0.0000   0.0000   0.0000   0.0000   0.0000   0.0000
   0.0000   0.0000   0.0000   0.0000   0.0000   0.0000   0.0000   0.0000   0.0000
   0.0000   0.0000   0.0000   0.0000   0.0000   0.0000   0.0000   0.0000   0.0000
   0.0000   0.0000   0.0000   0.0000   0.0000   0.0000   0.0000   0.0000   0.0000
   0.0000   0.0000   0.0000   0.0000   0.0000   0.0000   0.0000   0.0000   0.0000
   0.0000   0.0000   0.0000   0.0000   0.0000   0.0000   0.0000   0.0000   0.0000
   0.0000   0.0000   0.0000   0.0000   0.0000   0.0000   0.0000   0.0000   0.0000
   0.0000   0.0000   0.0000   0.0000   0.0000   0.0000   0.0000   0.0000   0.0000
   0.0000   0.0000   0.0000   0.0000   0.0000   0.0000   0.0000   0.0000   0.0000
   0.0000   0.0000   0.0000   0.0000   0.0000   0.0000   0.0000   0.0000   0.0000
   0.0000   0.0000   0.0000   0.0000   0.0000   0.0000   0.0000   0.0000   0.0000
   0.0000   0.0000   0.0000   0.0000   0.0000   0.0000   0.0000   0.0000   0.0000
   0.0000   0.0000   0.0000   0.0000   0.0000   0.0000   0.0000   0.0000   0.0000
   0.0000   0.0000   0.0000   0.0000   0.0000   0.0000   0.0000   0.0000   0.0000
   0.0000   0.0000   0.0000   0.0000   0.0000   0.0000   0.0000   0.0000   0.0000
   0.0000   0.0000   0.0000   0.0000   0.0000   0.0000   0.0000   0.0000   0.0000
   0.0000   0.0000   0.0000   0.0000   0.0000   0.0000   0.0000   0.0000   0.0000
   0.0000   0.0000   0.0000   0.0000   0.0000   0.0000   0.0000   0.0000   0.0000
   0.0000   0.0000   0.0000   0.0000   0.0000   0.0000   0.0000   0.0000   0.0000
   0.0000   0.0000   0.0000   0.0000   0.0000   0.0000   0.0000   0.0000   0.0000
   0.0000   0.0000   0.0000   0.0000   0.0000   0.0000   0.0000   0.0000   0.0000
   0.0000   0.0000   0.0000   0.0000   0.0000   0.0000   0.0000   0.0000   0.0000
   0.0000   0.0000   0.0000   0.0000   0.0000   0.0000   0.0000   0.0000   0.0000
   0.0000   0.0000   0.0000   0.0000   0.0000   0.0000   0.0000   0.0000   0.0000
   0.0000   0.0000   0.0000   0.0000   0.0000   0.0000   0.0000   0.0000   0.0000
   0.0000   0.0000   0.0000   0.0000   0.0000   0.0000   0.0000   0.0000   0.0000
   0.0000   0.0000   0.0000   0.0000   0.0000   0.0000   0.0000   0.0000   0.0000
   0.0000   0.0000   0.0000   0.0000   0.0000   0.0000   0.0000   0.0000   0.0000
   0.0000   0.0000   0.0000   0.0000   0.0000   0.0000   0.0000   0.0000   0.0000
   0.0000   0.0000   0.0000   0.0000   0.0000   0.0000   0.0000   0.0000   0.0000
   0.0000   0.0000   0.0000   0.0000   0.0000   0.0000   0.0000   0.0000   0.0000
   0.0000   0.0000   0.0000   0.0000   0.0000   0.0000   0.0000   0.0000   0.0000
   0.0000   0.0000   0.0000   0.0000   0.0000   0.0000   0.0000   0.0000   0.0000
   0.0000   0.0000   0.0000   0.0000   0.0000   0.0000   0.0000   0.0000   0.0000
   0.0000   0.0000   0.0000   0.0000   0.0000   0.0000   0.0000   0.0000   0.0000
   0.0000   0.0000   0.0000   0.0000   0.0000   0.0000   0.0000   0.0000   0.0000
   0.0000   0.0000   0.0000   0.0000   0.0000   0.0000   0.0000   0.0000   0.0000
   0.0000   0.0000   0.0000   0.0000   0.0000   0.0000   0.0000   0.0000   0.0000
   0.0000   0.0000   0.0000   0.0000   0.0000   0.0000   0.0000   0.0000   0.0000
   0.0000   0.0000   0.0000   0.0000   0.0000   0.0000   0.0000   0.0000   0.0000
   0.0000   0.0000   0.0000   0.0000   0.0000   0.0000   0.0000   0.0000   0.0000
   0.0000   0.0000   0.0000   0.0000   0.0000   0.0000   0.0000   0.0000   0.0000
   0.0000   0.0000   0.0000   0.0000   0.0000   0.0000   0.0000   0.0000   0.0000
   0.0000   0.0000   0.0000   0.0000   0.0000   0.0000   0.0000   0.0000   0.0000
   0.0000   0.0000   0.0000   0.0000   0.0000   0.0000   0.0000   0.0000   0.0000
   0.0000   0.0000   0.0000   0.0000   0.0000   0.0000   0.0000   0.0000   0.0000
   0.0000   0.0000   0.0000   0.0000   0.0000   0.0000   0.0000   0.0000   0.0000
   0.0000   0.0000   0.0000   0.0000   0.0000   0.0000   0.0000   0.0000   0.0000
   0.0000   0.0000   0.0000   0.0000   0.0000   0.0000   0.0000   0.0000   0.0000
   0.0000   0.0000   0.0000   0.0000   0.0000   0.0000   0.0000   0.0000   0.0000
   0.0000   0.0000   0.0000   0.0000   0.0000   0.0000   0.0000   0.0000   0.0000
   0.0000   0.0000   0.0000   0.0000   0.0000   0.0000   0.0000   0.0000   0.0000
   0.0000   0.0000   0.0000   0.0000   0.0000   0.0000   0.0000   0.0000   0.0000
   0.0000   0.0000   0.0000   0.0000   0.0000   0.0000   0.0000   0.0000   0.0000
   0.0000   0.0000   0.0000   0.0000   0.0000   0.0000   0.0000   0.0000   0.0000
   0.0000   0.0000   0.0000   0.0000   0.0000   0.0000   0.0000   0.0000   0.0000
   0.0000   0.0000   0.0000   0.0000   0.0000   0.0000   0.0000   0.0000   0.0000
   0.0000   0.0000   0.0000   0.0000   0.0000   0.0000   0.0000   0.0000   0.0000
   0.0000   0.0000   0.0000   0.0000   0.0000   0.0000   0.0000   0.0000   0.0000
   0.0000   0.0000   0.0000   0.0000   0.0000   0.0000   0.0000   0.0000   0.0000
   0.0000   0.0000   0.0000   0.0000   0.0000   0.0000   0.0000   0.0000   0.0000
   0.0000   0.0000   0.0000   0.0000   0.0000   0.0000   0.0000   0.0000   0.0000
   0.0000   0.0000   0.0000   0.0000   0.0000   0.0000   0.0000   0.0000   0.0000
   0.0000   0.0000   0.0000   0.0000   0.0000   0.0000   0.0000   0.0000   0.0000
   0.0000   0.0000   0.0000   0.0000   0.0000   0.0000   0.0000   0.0000   0.0000
   0.0000   0.0000   0.0000   0.0000   0.0000   0.0000   0.0000   0.0000   0.0000
   0.0000   0.0000   0.0000   0.0000   0.0000   0.0000   0.0000   0.0000   0.0000
   0.0000   0.0000   0.0000   0.0000   0.0000   0.0000   0.0000   0.0000   0.0000
   0.0000   0.0000   0.0000   0.0000   0.0000   0.0000   0.0000   0.0000   0.0000
   0.0000   0.0000   0.0000   0.0000   0.0000   0.0000   0.0000   0.0000   0.0000
   0.0000   0.0000   0.0000   0.0000   0.0000   0.0000   0.0000   0.0000   0.0000
   0.0000   0.0000   0.0000   0.0000   0.0000   0.0000   0.0000   0.0000   0.0000
   0.0000   0.0000   0.0000   0.0000   0.0000   0.0000   0.0000   0.0000   0.0000
   0.0000   0.0000   0.0000   0.0000   0.0000   0.0000   0.0000   0.0000   0.0000
   0.0000   0.0000   0.0000   0.0000   0.0000   0.0000   0.0000   0.0000   0.0000
   0.0000   0.0000   0.0000   0.0000   0.0000   0.0000   0.0000   0.0000   0.0000
   0.0000   0.0000   0.0000   0.0000   0.0000   0.0000   0.0000   0.0000   0.0000
   0.0000   0.0000   0.0000   0.0000   0.0000   0.0000   0.0000   0.0000   0.0000
   0.0000   0.0000   0.0000   0.0000   0.0000   0.0000   0.0000   0.0000   0.0000
   0.0000   0.0000   0.0000   0.0000   0.0000   0.0000   0.0000   0.0000   0.0000
   0.0000   0.0000   0.0000   0.0000   0.0000   0.0000   0.0000   0.0000   0.0000
   0.0000   0.0000   0.0000   0.0000   0.0000   0.0000   0.0000   0.0000   0.0000
   0.0000   0.0000   0.0000   0.0000   0.0000   0.0000   0.0000   0.0000   0.0000
   0.0000   0.0000   0.0000   0.0000   0.0000   0.0000   0.0000   0.0000   0.0000
   0.0000   0.0000   0.0000   0.0000   0.0000   0.0000   0.0000   0.0000   0.0000
   0.0000   0.0000   0.0000   0.0000   0.0000   0.0000   0.0000   0.0000   0.0000
   0.0000   0.0000   0.0000   0.0000   0.0000   0.0000   0.0000   0.0000   0.0000
   0.0000   0.0000   0.0000   0.0000   0.0000   0.0000   0.0000   0.0000   0.0000
   0.0000   0.0000   0.0000   0.0000   0.0000   0.0000   0.0000   0.0000   0.0000
   0.0000   0.0000   0.0000   0.0000   0.0000   0.0000   0.0000   0.0000   0.0000
   0.0000   0.0000   0.0000   0.0000   0.0000   0.0000   0.0000   0.0000   0.0000
   0.0000   0.0000   0.0000   0.0000   0.0000   0.0000   0.0000   0.0000   0.0000
   0.0000   0.0000   0.0000   0.0000   0.0000   0.0000   0.0000   0.0000   0.0000
   0.0000   0.0000   0.0000   0.0000   0.0000   0.0000   0.0000   0.0000   0.0000
   0.0000   0.0000   0.0000   0.0000   0.0000   0.0000   0.0000   0.0000   0.0000
   0.0000   0.0000   0.0000   0.0000   0.0000   0.0000   0.0000   0.0000   0.0000
   0.0000   0.0000   0.0000   0.0000   0.0000   0.0000   0.0000   0.0000   0.0000
   0.0000   0.0000   0.0000   0.0000   0.0000   0.0000   0.0000   0.0000   0.0000
   0.0000   0.0000   0.0000   0.0000   0.0000   0.0000   0.0000   0.0000   0.0000
   0.0000   0.0000   0.0000   0.0000   0.0000   0.0000   0.0000   0.0000   0.0000
   0.0000   0.0000   0.0000   0.0000   0.0000   0.0000   0.0000   0.0000   0.0000
   0.0000   0.0000   0.0000   0.0000   0.0000   0.0000   0.0000   0.0000   0.0000
   0.0000   0.0000   0.0000   0.0000   0.0000   0.0000   0.0000   0.0000   0.0000
   0.0000   0.0000   0.0000   0.0000   0.0000   0.0000   0.0000   0.0000   0.0000
   0.0000   0.0000   0.0000   0.0000   0.0000   0.0000   0.0000   0.0000   0.0000
   0.0000   0.0000   0.0000   0.0000   0.0000   0.0000   0.0000   0.0000   0.0000
   0.0000   0.0000   0.0000   0.0000   0.0000   0.0000   0.0000   0.0000   0.0000
   0.0000   0.0000   0.0000   0.0000   0.0000   0.0000   0.0000   0.0000   0.0000
   0.0000   0.0000   0.0000   0.0000   0.0000   0.0000   0.0000   0.0000   0.0000
   0.0000   0.0000   0.0000   0.0000   0.0000   0.0000   0.0000   0.0000   0.0000
   0.0000   0.0000   0.0000   0.0000   0.0000   0.0000   0.0000   0.0000   0.0000
   0.0000   0.0000   0.0000   0.0000   0.0000   0.0000   0.0000   0.0000   0.0000
   0.0000   0.0000   0.0000   0.0000   0.0000   0.0000   0.0000   0.0000   0.0000
   0.0000   0.0000   0.0000   0.0000   0.0000   0.0000   0.0000   0.0000   0.0000
   0.0000   0.0000   0.0000   0.0000   0.0000   0.0000   0.0000   0.0000   0.0000
   0.0000   0.0000   0.0000   0.0000   0.0000   0.0000   0.0000   0.0000   0.0000
   0.0000   0.0000   0.0000   0.0000   0.0000   0.0000   0.0000   0.0000   0.0000
   0.0000   0.0000   0.0000   0.0000   0.0000   0.0000   0.0000   0.0000   0.0000
   0.0000   0.0000   0.0000   0.0000   0.0000   0.0000   0.0000   0.0000   0.0000
   0.0000   0.0000   0.0000   0.0000   0.0000   0.0000   0.0000   0.0000   0.0000
   0.0000   0.0000   0.0000   0.0000   0.0000   0.0000   0.0000   0.0000   0.0000
   0.0000   0.0000   0.0000   0.0000   0.0000   0.0000   0.0000   0.0000   0.0000
   0.0000   0.0000   0.0000   0.0000   0.0000   0.0000   0.0000   0.0000   0.0000
   0.0000   0.0000   0.0000   0.0000   0.0000   0.0000   0.0000   0.0000   0.0000
   0.0000   0.0000   0.0000   0.0000   0.0000   0.0000   0.0000   0.0000   0.0000
