   0.0000   0.0000   0.0000   0.0000   0.0000   0.0000   0.0000   0.0000   0.0000
   0.0000   0.0000   0.0000   0.0000   0.0000   0.0000   0.0000   0.0000   0.0000
   0.0000   0.0000   0.0000   0.0000   0.0000   0.0000   0.0000   0.0000   0.0000
   0.0000   0.0000   0.0000   0.0000   0.0000   0.0000   0.0000   0.0000   0.0000
   0.0000   0.0000   0.0000   0.0000   0.0000   0.0000   0.0000   0.0000   0.0000
   0.0000   0.0000   0.0000   0.0000   0.0000   0.0000   0.0000   0.0000   0.0000
   0.0000   0.0000   0.0000   0.0000   0.0000   0.0000   0.0000   0.0000   0.0000
   0.0000   0.0000   0.0000   0.0000   0.0000   0.0000   0.0000   0.0000   0.0000
   0.0000   0.0000   0.0000   0.0000   0.0000   0.0000   0.0000   0.0000   0.0000
   0.0000   0.0000   0.0000   0.0000   0.0000   0.0000   0.0000   0.0000   0.0000
   0.0000   0.0000   0.0000   0.0000   0.0000   0.0000   0.0000   0.0000   0.0000
   0.0000   0.0000   0.0000   0.0000   0.0000   0.0000   0.0000   0.0000   0.0000
   0.0000   0.0000   0.0000   0.0000   0.0000   0.0000   0.0000   0.0000   0.0000
   0.0000   0.0000   0.0000   0.0000   0.0000   0.0000   0.0000   0.0000   0.0000
   0.0000   0.0000   0.0000   0.0000   0.0000   0.0000   0.0000   0.0000   0.0000
   0.0000   0.0000   0.0000   0.0000   0.0000   0.0000   0.0000   0.0000   0.0000
   0.0000   0.0000   0.0000   0.0000   0.0000   0.0000   0.0000   0.0000   0.0000
   0.0000   0.0000   0.0000   0.0000   0.0000   0.0000   0.0000   0.0000   0.0000
   0.0000   0.0000   0.0000   0.0000   0.0000   0.0000   0.0000   0.0000   0.0000
   0.0000   0.0000   0.0000   0.0000   0.0000   0.0000   0.0000   0.0000   0.0000
   0.0000   0.0000   0.0000   0.0000   0.0000   0.0000   0.0000   0.0000   0.0000
   0.0000   0.0000   0.0000   0.0000   0.0000   0.0000   0.0000   0.0000   0.0000
   0.0000   0.0000   0.0000   0.0000   0.0000   0.0000   0.0000   0.0000   0.0000
   0.0000   0.0000   0.0000   0.0000   0.0000   0.0000   0.0000   0.0000   0.0000
   0.0000   0.0000   0.0000   0.0000   0.0000   0.0000   0.0000   0.0000   0.0000
   0.0000   0.0000   0.0000   0.0000   0.0000   0.0000   0.0000   0.0000   0.0000
   0.0000   0.0000   0.0000   5.8383   0.0000   0.0000   0.0000   0.0000   9.0572
   0.0000   0.0000   0.0000   5.8102   0.0000   9.2484   0.0000   0.0000   9.0611
   0.0000   0.0000   0.0000   5.7214   9.1327   9.2486   0.0000   9.0595   9.0610
   0.0000   0.0000   0.0000   5.6792   9.1332   9.2485   9.0560   9.0594   9.0610
   0.0000   0.0000   0.0000   5.6487   9.1339   9.2489   9.0559   9.0593   9.0617
   0.0000   0.0000   0.0000   5.5930   9.1347   9.2483   9.0558   9.0592   9.0625
   0.0000   0.0000   0.0000   5.5759   9.1355   9.2479   9.0557   9.0591   9.0633
   0.0000   0.0000   0.0000   5.5693   9.1353   9.2477   9.0556   9.0590   9.0643
   0.0000   0.0000   0.0000   5.5592   9.1352   9.2476   9.0555   9.0589   9.0647
   0.0000   0.0000   0.0000   5.5371   9.1351   9.2474   9.0554   9.0588   9.0671
   0.0000   0.0000   0.0000   5.4846   9.1350   9.2473   9.0553   9.0587   9.0680
   0.0000   0.0000   0.0000   5.4245   9.1349   9.2472   9.0552   9.0586   9.0683
   0.0000   0.0000   0.0000   5.3621   9.1348   9.2456   9.0551   9.0585   9.0691
   0.0000   0.0000   0.0000   5.3079   9.1347   9.2454   9.0550   9.0584   9.0698
   0.0000   0.0000   0.0000   5.2697   9.1346   9.2453   9.0549   9.0583   9.0709
   0.0000   0.0000   0.0000   5.2562   9.1345   9.2452   9.0548   9.0582   9.0708
   0.0000   0.0000   0.0000   5.2394   9.1344   9.2451   9.0547   9.0581   9.0708
   0.0000   0.0000   0.0000   5.2049   9.1343   9.2450   9.0546   9.0580   9.0720
   0.0000   0.0000   0.0000   5.1530   9.1342   9.2449   9.0544   9.0579   9.0728
   0.0000   0.0000   0.0000   5.0574   9.1340   9.2448   9.0543   9.0577   9.0780
   0.0000   0.0000   0.0000   4.9964   9.1339   9.2447   9.0542   9.0576   9.0783
   0.0000   0.0000   0.0000   4.9183   9.1338   9.2446   9.0541   9.0575   9.0794
   0.0000   0.0000   0.0000   4.8711   9.1337   9.2444   9.0540   9.0574   9.0818
   0.0000   0.0000   0.0000   4.7785   9.1336   9.2443   9.0516   9.0539   9.0825
   0.0000   0.0000   0.0000   4.6856   9.1335   9.2442   9.0510   9.0521   9.0830
   0.0000   0.0000   0.0000   4.6204   9.1334   9.2441   9.0503   9.0492   9.0866
   0.0000   0.0000   0.0000   4.5695   9.1333   9.2440   9.0501   9.0483   9.0889
   0.0000   0.0000   0.0000   4.5408   9.1332   9.2439   9.0452   9.0481   9.0896
   0.0000   0.0000   0.0000   4.5203   9.1331   9.2438   9.0360   9.0443   9.0896
   0.0000   0.0000   0.0000   4.4152   9.1330   9.2406   9.0323   9.0362   9.0896
   0.0000   0.0000   0.0000   4.1815   9.1319   9.2379   9.0318   9.0260   9.0910
   0.0000   0.0000   0.0000   4.0817   9.1301   9.2068   9.0312   9.0146   9.0932
   0.0000   0.0000   0.0000   4.0704   9.1294   9.1888   9.0300   8.9882   9.0957
   0.0000   0.0000   0.0000   4.0374   9.1166   9.1665   9.0298   8.9852   9.1056
   0.0000   0.0000   0.0000   4.0103   9.0938   9.1551   9.0291   8.9850   9.1106
   0.0000   0.0000   0.0000   3.9558   9.0700   9.1548   9.0278   8.9847   9.1121
   0.0000   0.0000   0.0000   3.8495   9.0307   9.1530   9.0261   8.9843   9.1180
   0.0000   0.0000   0.0000   3.7244   8.9209   9.1515   9.0246   8.9841   9.1186
   0.0000   0.0000   0.0000   3.6767   8.8801   9.1501   9.0240   8.9828   9.1227
   0.0000   0.0000   0.0000   3.6674   8.8728   9.1491   9.0231   8.9826   9.1228
   0.0000   0.0000   0.0000   3.6427   8.8383   9.1477   9.0197   8.9824   9.1286
   0.0000   0.0000   0.0000   3.5887   8.8207   9.1468   9.0160   8.9821   9.1310
   0.0000   0.0000   0.0000   3.5088   8.8066   9.1355   9.0120   8.9818   9.1315
   0.0000   0.0000   0.0000   3.4374   8.8044   9.1323   9.0112   8.9801   9.1326
   0.0000   0.0000   0.0000   3.3629   8.7893   9.1322   9.0111   8.9800   9.1331
   0.0000   0.0000   0.0000   3.3031   8.7178   9.1150   9.0109   8.9779   9.1333
   0.0000   0.0000   0.0000   3.2687   8.6720   9.1098   9.0108   8.9778   9.1347
   0.0000   0.0000   0.0000   3.2487   8.6017   9.1088   9.0107   8.9777   9.1370
   0.0000   0.0000   0.0000   3.2303   8.5219   9.1067   9.0104   8.9776   9.1406
   0.0000   0.0000   0.0000   3.2009   8.4554   9.0915   9.0102   8.9775   9.1437
   0.0000   0.0000   0.0000   3.1617   8.3601   9.0633   9.0100   8.9774   9.1436
   0.0000   0.0000   0.0000   3.1167   8.3092   9.0559   9.0099   8.9773   9.1435
   0.0000   0.0000   0.0000   3.0911   8.2475   9.0402   9.0098   8.9772   9.1434
   0.0000   0.0000   0.0000   3.0613   8.1190   9.0376   9.0097   8.9771   9.1433
   0.0000   0.0000   0.0000   3.0103   8.1132   9.0317   9.0095   8.9770   9.1431
   0.0000   0.0000   0.0000   2.9892   8.0870   9.0241   9.0094   8.9769   9.1430
   0.0000   0.0000   0.0000   2.9731   8.0602   9.0234   9.0093   8.9768   9.1429
   0.0000   0.0000   0.0000   2.9357   8.0474   9.0077   9.0092   8.9767   9.1428
   0.0000   0.0000   0.0000   2.8794   8.0119   8.9554   9.0091   8.9770   9.1427
   0.0000   0.0000   0.0000   2.8379   7.9299   8.8431   9.0090   8.9784   9.1426
   0.0000   0.0000   0.0000   2.7779   7.7256   8.8233   9.0089   8.9783   9.1425
   0.0000   0.0000   0.0000   2.7478   7.6108   8.8183   9.0088   8.9798   9.1424
   0.0000   0.0000   0.0000   2.7270   7.5272   8.8103   9.0087   8.9799   9.1423
   0.0000   0.0000   0.0000   2.7010   7.3833   8.8002   9.0086   8.9798   9.1422
   0.0000   0.0000   0.0000   2.6880   7.3150   8.7977   9.0085   8.9797   9.1421
   0.0000   0.0000   0.0000   2.6440   7.1592   8.7961   9.0084   8.9796   9.1420
   0.0000   0.0000   0.0000   2.5824   7.1206   8.7932   9.0083   8.9795   9.1419
   0.0000   0.0000   0.0000   2.5782   7.0934   8.7911   9.0082   8.9794   9.1417
   0.0000   0.0000   0.0000   2.5745   6.9364   8.7779   9.0082   8.9793   9.1416
   0.0000   0.0000   0.0000   2.5632   6.8852   8.7505   9.0082   8.9792   9.1415
   0.0000   0.0000   0.0000   2.5559   6.8440   8.7384   9.0080   8.9793   9.1414
   0.0000   0.0000   0.0000   2.5437   6.8167   8.7021   9.0079   8.9810   9.1413
   0.0000   0.0000   0.0000   2.5178   6.7824   8.6807   9.0078   8.9816   9.1412
   0.0000   0.0000   0.0000   2.5065   6.7629   8.6771   9.0077   8.9827   9.1411
   0.0000   0.0000   0.0000   2.4769   6.7558   8.6754   9.0074   8.9828   9.1410
   0.0000   0.0000   0.0000   2.3996   6.7462   8.6724   9.0072   8.9831   9.1409
   0.0000   0.0000   0.0000   2.3635   6.7424   8.6668   9.0070   8.9853   9.1403
   0.0000   0.0000   0.0000   2.3411   6.7405   8.6463   9.0069   8.9855   9.1362
   0.0000   0.0000   0.0000   2.3325   6.7399   8.6249   9.0068   8.9854   9.1344
   0.0000   0.0000   0.0000   2.3234   6.7347   8.6010   9.0067   8.9853   9.1341
   0.0000   0.0000   0.0000   2.3172   6.7168   8.5935   9.0066   8.9852   9.1204
   0.0000   0.0000   0.0000   2.3099   6.7042   8.5789   9.0065   8.9851   9.0736
   0.0000   0.0000   0.0000   2.2932   6.6994   8.5685   9.0064   8.9850   9.0635
   0.0000   0.0000   0.0000   2.2703   6.6903   8.5574   9.0063   8.9849   9.0610
   0.0000   0.0000   0.0000   2.2497   6.6887   8.5492   9.0062   8.9848   9.0550
   0.0000   0.0000   0.0000   2.1625   6.6873   8.5479   9.0060   8.9847   9.0349
   0.0000   0.0000   0.0000   2.1090   6.6844   8.5406   9.0059   8.9846   9.0288
   0.0000   0.0000   0.0000   2.0989   6.6723   8.5260   9.0058   8.9845   9.0192
   0.0000   0.0000   0.0000   2.0896   6.6554   8.5187   9.0057   8.9844   9.0165
   0.0000   0.0000   0.0000   2.0794   6.6514   8.5077   9.0056   8.9842   9.0108
   0.0000   0.0000   0.0000   2.0708   6.6497   8.4997   9.0055   8.9841   8.9969
   0.0000   0.0000   0.0000   2.0610   6.6443   8.4912   9.0054   8.9840   8.9819
   0.0000   0.0000   0.0000   2.0481   6.6440   8.4814   9.0053   8.9839   8.9577
   0.0000   0.0000   0.0000   2.0376   6.6437   8.4672   9.0052   8.9838   8.9218
   0.0000   0.0000   0.0000   2.0238   6.6433   8.4551   9.0051   8.9837   8.8908
   0.0000   0.0000   0.0000   2.0103   6.6432   8.4380   9.0050   8.9836   8.8668
   0.0000   0.0000   0.0000   1.9910   6.6431   8.4269   9.0049   8.9835   8.8179
   0.0000   0.0000   0.0000   1.9783   6.6416   8.4050   9.0048   8.9834   8.7695
   0.0000   0.0000   0.0000   1.9731   6.6383   8.3831   9.0043   8.9833   8.7189
   0.0000   0.0000   0.0000   1.9528   6.6362   8.3758   9.0016   8.9832   8.6974
   0.0000   0.0000   0.0000   1.9277   6.6335   8.3702   8.9989   8.9831   8.6726
   0.0000   0.0000   0.0000   1.8819   6.6249   8.3628   8.9810   8.9830   8.6634
   0.0000   0.0000   0.0000   1.8553   6.6199   8.3413   8.9547   8.9829   8.6325
   0.0000   0.0000   0.0000   1.8503   6.6171   8.3268   8.9330   8.9828   8.6265
   0.0000   0.0000   0.0000   1.8432   6.5997   8.3084   8.9279   8.9824   8.6115
   0.0000   0.0000   0.0000   1.8420   6.5797   8.2833   8.9246   8.9809   8.6042
   0.0000   0.0000   0.0000   1.8348   6.5602   8.2584   8.9189   8.9795   8.5931
   0.0000   0.0000   0.0000   1.8294   6.5292   8.2295   8.9138   8.9695   8.5922
   0.0000   0.0000   0.0000   1.8247   6.4688   8.1984   8.9087   8.9618   8.5915
   0.0000   0.0000   0.0000   1.8190   6.4365   8.1961   8.9021   8.9570   8.5891
   0.0000   0.0000   0.0000   1.8154   6.3216   8.1909   8.8939   8.9546   8.5835
   0.0000   0.0000   0.0000   1.8100   6.2004   8.1778   8.8741   8.9534   8.5818
   0.0000   0.0000   0.0000   1.8057   6.1532   8.1476   8.8610   8.9521   8.5798
   0.0000   0.0000   0.0000   1.8020   5.9728   8.1392   8.8334   8.9504   8.5796
   0.0000   0.0000   0.0000   1.7968   5.8605   8.1348   8.8305   8.9493   8.5795
   0.0000   0.0000   0.0000   1.7938   5.8206   8.1090   8.8288   8.9477   8.5375
   0.0000   0.0000   0.0000   1.7877   5.7206   8.0804   8.8126   8.9437   8.4852
   0.0000   0.0000   0.0000   1.7838   5.6220   8.0349   8.7889   8.9361   8.4170
   0.0000   0.0000   0.0000   1.7818   5.5822   8.0075   8.7699   8.9255   8.3725
   0.0000   0.0000   0.0000   1.7798   5.5419   7.9745   8.7640   8.9148   8.3711
   0.0000   0.0000   0.0000   1.7701   5.4779   7.8985   8.7547   8.9107   8.3638
   0.0000   0.0000   0.0000   1.7681   5.4079   7.8664   8.7495   8.9017   8.3619
   0.0000   0.0000   0.0000   1.7677   5.3745   7.8472   8.7422   8.8935   8.3551
   0.0000   0.0000   0.0000   1.7657   5.3348   7.7852   8.7308   8.8889   8.3452
   0.0000   0.0000   0.0000   1.7623   5.3077   7.7572   8.7137   8.8805   8.3223
   0.0000   0.0000   0.0000   1.7591   5.2586   7.7497   8.6707   8.8767   8.2801
   0.0000   0.0000   0.0000   1.7555   5.0894   7.6944   8.6460   8.8725   8.2409
   0.0000   0.0000   0.0000   1.7479   4.9078   7.6579   8.6041   8.8651   8.2086
   0.0000   0.0000   0.0000   1.7265   4.8040   7.6177   8.5750   8.8334   8.1678
   0.0000   0.0000   0.0000   1.6756   4.6821   7.5965   8.5699   8.8005   8.1310
   0.0000   0.0000   0.0000   1.6471   4.6199   7.5240   8.5627   8.7684   8.1178
   0.0000   0.0000   0.0000   1.6289   4.5767   7.4499   8.5623   8.7508   8.1050
   0.0000   0.0000   0.0000   1.6090   4.5306   7.3897   8.5490   8.7330   8.0233
   0.0000   0.0000   0.0000   1.5968   4.4993   7.3503   8.5202   8.7077   7.9441
   0.0000   0.0000   0.0000   1.5840   4.4796   7.3381   8.4698   8.6888   7.8275
   0.0000   0.0000   0.0000   1.5609   4.4594   7.2661   8.4645   8.6354   7.8172
   0.0000   0.0000   0.0000   1.5488   4.3813   7.1470   8.4587   8.6137   7.7826
   0.0000   0.0000   0.0000   1.5479   4.1333   7.0724   8.4473   8.6028   7.7190
   0.0000   0.0000   0.0000   1.5468   4.1095   7.0548   8.4448   8.5949   7.6529
   0.0000   0.0000   0.0000   1.5399   4.0856   7.0324   8.4402   8.5895   7.6205
   0.0000   0.0000   0.0000   1.5281   4.0597   6.9837   8.4320   8.5858   7.5994
   0.0000   0.0000   0.0000   1.5107   4.0125   6.8989   8.3843   8.5683   7.5623
   0.0000   0.0000   0.0000   1.4884   3.8916   6.7456   8.3649   8.4477   7.4838
   0.0000   0.0000   0.0000   1.4756   3.8158   6.6452   8.3446   8.3984   7.4313
   0.0000   0.0000   0.0000   1.4687   3.7845   6.6247   8.3295   8.3474   7.3334
   0.0000   0.0000   0.0000   1.4565   3.7635   6.5675   8.2970   8.2740   7.2730
   0.0000   0.0000   0.0000   1.4453   3.7498   6.4682   8.1829   8.2465   7.2474
   0.0000   0.0000   0.0000   1.4436   3.7200   6.3884   8.1359   8.2230   7.1397
   0.0000   0.0000   0.0000   1.4430   3.6425   6.2542   8.1212   8.2106   7.1117
   0.0000   0.0000   0.0000   1.4430   3.6033   6.1041   8.1081   8.1779   7.1095
   0.0000   0.0000   0.0000   1.4367   3.5325   6.0034   8.0872   8.1197   7.1042
   0.0000   0.0000   0.0000   1.4339   3.4887   5.8160   8.0712   8.0721   7.1024
   0.0000   0.0000   0.0000   1.4317   3.4432   5.6172   7.9989   8.0298   7.1006
   0.0000   0.0000   0.0000   1.4276   3.4090   5.4417   7.9125   7.9790   7.0933
   0.0000   0.0000   0.0000   1.4234   3.3934   5.3497   7.9005   7.9434   7.0817
   0.0000   0.0000   0.0000   1.4200   3.3784   5.2972   7.8937   7.9037   7.0493
   0.0000   0.0000   0.0000   1.4200   3.3651   5.2370   7.8897   7.8670   7.0083
   0.0000   0.0000   0.0000   1.4122   3.3511   5.1444   7.8854   7.8359   6.9761
   0.0000   0.0000   0.0000   1.3964   3.2867   4.9968   7.8656   7.7651   6.9491
   0.0000   0.0000   0.0000   1.3896   3.1999   4.7859   7.8426   7.6062   6.9178
   0.0000   0.0000   0.0000   1.3875   3.0829   4.5442   7.8137   7.4925   6.8858
   0.0000   0.0000   0.0000   1.3872   2.9781   4.4601   7.7937   7.3610   6.8644
   0.0000   0.0000   0.0000   1.3733   2.9461   4.4361   7.7792   7.2524   6.8615
   0.0000   0.0000   0.0000   1.3539   2.9085   4.2811   7.7717   7.1127   6.8570
   0.0000   0.0000   0.0000   1.3431   2.8817   4.0074   7.7632   6.8769   6.8541
   0.0000   0.0000   0.0000   1.3366   2.8581   3.9223   7.7584   6.4884   6.8473
   0.0000   0.0000   0.0000   1.3284   2.8326   3.8369   7.7572   6.1862   6.7995
   0.0000   0.0000   0.0000   1.3268   2.7967   3.7917   7.7555   6.0392   6.7117
   0.0000   0.0000   0.0000   1.3232   2.7730   3.7705   7.7416   5.9500   6.6364
   0.0000   0.0000   0.0000   1.3185   2.7633   3.7607   7.7164   5.9125   6.5683
   0.0000   0.0000   0.0000   1.3145   2.7533   3.7032   7.6518   5.8622   6.4987
   0.0000   0.0000   0.0000   1.3044   2.7243   3.6102   7.5825   5.7745   6.4141
   0.0000   0.0000   0.0000   1.2930   2.6733   3.5697   7.5108   5.6064   6.3509
   0.0000   0.0000   0.0000   1.2889   2.6501   3.5260   7.4629   5.4808   6.2909
   0.0000   0.0000   0.0000   1.2846   2.6261   3.4596   7.4189   5.4501   6.2303
   0.0000   0.0000   0.0000   1.2731   2.5851   3.3281   7.3745   5.4269   6.1989
   0.0000   0.0000   0.0000   1.2622   2.5236   3.2205   7.3560   5.3512   6.1834
   0.0000   0.0000   0.0000   1.2531   2.4634   3.1783   7.2998   5.2977   6.1505
   0.0000   0.0000   0.0000   1.2530   2.4263   3.1518   7.2434   5.2412   6.0995
   0.0000   0.0000   0.0000   1.2514   2.3861   3.0872   7.2111   5.1600   6.0568
   0.0000   0.0000   0.0000   1.2455   2.3365   3.0167   7.1699   5.0966   5.9356
   0.0000   0.0000   0.0000   1.2439   2.3024   2.9764   7.1190   5.0744   5.7391
   0.0000   0.0000   0.0000   1.2388   2.2786   2.9382   6.9708   5.0669   5.6026
   0.0000   0.0000   0.0000   1.2248   2.2375   2.9215   6.7721   5.0387   5.4691
   0.0000   0.0000   0.0000   1.2220   2.2205   2.8932   6.6393   4.9862   5.3114
   0.0000   0.0000   0.0000   1.2212   2.2008   2.8390   6.5504   4.7286   5.1087
   0.0000   0.0000   0.0000   1.2141   2.1733   2.7515   6.4902   4.6842   4.9265
   0.0000   0.0000   0.0000   1.2061   2.1362   2.6958   6.3876   4.6457   4.8272
   0.0000   0.0000   0.0000   1.1991   2.1023   2.6848   6.2735   4.5978   4.7387
   0.0000   0.0000   0.0000   1.1927   2.0772   2.6407   6.2291   4.5585   4.5928
   0.0000   0.0000   0.0000   1.1864   2.0686   2.5886   6.2186   4.5055   4.4461
   0.0000   0.0000   0.0000   1.1754   2.0496   2.5604   6.2041   4.4557   4.2082
   0.0000   0.0000   0.0000   1.1650   2.0171   2.5202   6.1811   4.3799   4.0315
   0.0000   0.0000   0.0000   1.1602   2.0029   2.5113   6.1363   4.2983   3.9523
   0.0000   0.0000   0.0000   1.1461   1.9959   2.4996   6.0629   4.2703   3.9051
   0.0000   0.0000   0.0000   1.1251   1.9821   2.4927   5.9312   4.2600   3.8713
   0.0000   0.0000   0.0000   1.1136   1.9677   2.4809   5.7778   4.2501   3.8445
   0.0000   0.0000   0.0000   1.1040   1.9610   2.4743   5.7238   4.2407   3.8218
   0.0000   0.0000   0.0000   1.0958   1.9548   2.4678   5.6990   4.2256   3.7968
   0.0000   0.0000   0.0000   1.0908   1.9283   2.4528   5.6963   4.2015   3.7126
   0.0000   0.0000   0.0000   1.0840   1.9070   2.4416   5.6856   4.1315   3.6435
   0.0000   0.0000   0.0000   1.0776   1.8812   2.4334   5.6734   4.0121   3.5798
   0.0000   0.0000   0.0000   1.0714   1.8362   2.4156   5.6321   3.9299   3.5078
   0.0000   0.0000   0.0000   1.0618   1.8232   2.3863   5.5646   3.8528   3.4215
   0.0000   0.0000   0.0000   1.0474   1.8190   2.3509   5.4176   3.6919   3.3992
   0.0000   0.0000   0.0000   1.0375   1.8164   2.2870   5.2628   3.5511   3.3708
   0.0000   0.0000   0.0000   1.0309   1.8128   2.2671   5.2287   3.4448   3.3556
   0.0000   0.0000   0.0000   1.0264   1.7939   2.2415   5.2097   3.4323   3.3425
   0.0000   0.0000   0.0000   1.0249   1.7786   2.2266   5.1760   3.4241   3.3229
   0.0000   0.0000   0.0000   1.0233   1.7701   2.2106   5.1333   3.4190   3.3095
   0.0000   0.0000   0.0000   1.0229   1.7512   2.1921   5.0043   3.4026   3.2700
   0.0000   0.0000   0.0000   1.0221   1.7387   2.1804   4.9292   3.3866   3.1748
   0.0000   0.0000   0.0000   1.0215   1.7294   2.1684   4.9215   3.3517   3.1471
   0.0000   0.0000   0.0000   1.0211   1.7148   2.1615   4.8089   3.3383   3.0987
   0.0000   0.0000   0.0000   1.0206   1.6864   2.1555   4.7572   3.3265   3.0568
   0.0000   0.0000   0.0000   1.0194   1.6752   2.1392   4.7379   3.3092   2.9579
   0.0000   0.0000   0.0000   1.0151   1.6629   2.1076   4.7367   3.2962   2.8918
   0.0000   0.0000   0.0000   1.0108   1.6505   2.0852   4.7319   3.2918   2.8559
   0.0000   0.0000   0.0000   1.0085   1.6439   2.0699   4.7305   3.2825   2.8510
   0.0000   0.0000   0.0000   1.0054   1.6305   2.0616   4.7305   3.2429   2.8498
   0.0000   0.0000   0.0000   1.0039   1.6250   2.0456   4.7288   3.1577   2.8493
   0.0000   0.0000   0.0000   1.0025   1.6168   2.0321   4.7286   3.0494   2.8484
   0.0000   0.0000   0.0000   1.0015   1.6062   2.0252   4.7280   2.9937   2.8458
   0.0000   0.0000   0.0000   1.0013   1.5994   2.0119   4.7277   2.9690   2.7592
   0.0000   0.0000   0.0000   0.9991   1.5947   2.0002   4.7052   2.9492   2.6580
   0.0000   0.0000   0.0000   0.9971   1.5895   1.9465   4.6971   2.8804   2.6295
   0.0000   0.0000   0.0000   0.9860   1.5859   1.9069   4.6887   2.6815   2.5868
   0.0000   0.0000   0.0000   0.9795   1.5816   1.8778   4.5718   2.6602   2.5690
   0.0000   0.0000   0.0000   0.9761   1.5642   1.8608   4.5230   2.6537   2.5274
   0.0000   0.0000   0.0000   0.9752   1.5402   1.8356   4.4839   2.6516   2.4860
   0.0000   0.0000   0.0000   0.9750   1.5222   1.8335   4.4669   2.6465   2.4818
   0.0000   0.0000   0.0000   0.9737   1.5093   1.8325   4.4573   2.6409   2.4810
   0.0000   0.0000   0.0000   0.9729   1.4913   1.8285   4.4162   2.6301   2.4574
   0.0000   0.0000   0.0000   0.9723   1.4871   1.8231   4.3940   2.5906   2.3860
   0.0000   0.0000   0.0000   0.9721   1.4841   1.8206   4.3185   2.5657   2.3663
   0.0000   0.0000   0.0000   0.9720   1.4675   1.8202   4.2661   2.5600   2.3552
   0.0000   0.0000   0.0000   0.9710   1.4534   1.8197   4.2197   2.4974   2.3380
   0.0000   0.0000   0.0000   0.9710   1.4484   1.8185   4.1815   2.4803   2.3281
   0.0000   0.0000   0.0000   0.9706   1.4395   1.8178   4.1562   2.4648   2.3233
   0.0000   0.0000   0.0000   0.9701   1.4295   1.8175   4.1277   2.4442   2.3162
   0.0000   0.0000   0.0000   0.9698   1.4245   1.8173   3.9914   2.3986   2.3024
   0.0000   0.0000   0.0000   0.9690   1.4229   1.8168   3.8812   2.3692   2.2718
   0.0000   0.0000   0.0000   0.9689   1.4181   1.8167   3.8537   2.3596   2.2097
   0.0000   0.0000   0.0000   0.9688   1.4147   1.8085   3.7839   2.3528   2.1537
   0.0000   0.0000   0.0000   0.9684   1.4111   1.8078   3.6444   2.3307   2.1033
   0.0000   0.0000   0.0000   0.9667   1.4081   1.8037   3.5646   2.3163   2.0904
   0.0000   0.0000   0.0000   0.9665   1.3941   1.7857   3.4765   2.3037   2.0812
   0.0000   0.0000   0.0000   0.9661   1.3848   1.7710   3.3987   2.2667   2.0567
   0.0000   0.0000   0.0000   0.9659   1.3798   1.7597   3.3583   2.2560   2.0452
   0.0000   0.0000   0.0000   0.9614   1.3776   1.7363   3.3006   2.2523   2.0294
   0.0000   0.0000   0.0000   0.9597   1.3767   1.7098   3.2218   2.2498   2.0245
   0.0000   0.0000   0.0000   0.9580   1.3739   1.7032   3.1597   2.2395   2.0149
   0.0000   0.0000   0.0000   0.9560   1.3725   1.7001   3.1068   2.2256   1.9945
   0.0000   0.0000   0.0000   0.9519   1.3700   1.6992   3.0721   2.1997   1.9714
   0.0000   0.0000   0.0000   0.9500   1.3669   1.6990   3.0325   2.1810   1.9599
   0.0000   0.0000   0.0000   0.9500   1.3632   1.6978   2.9713   2.1674   1.9535
   0.0000   0.0000   0.0000   0.9499   1.3611   1.6931   2.9487   2.1584   1.9477
   0.0000   0.0000   0.0000   0.9495   1.3547   1.6854   2.9438   2.1522   1.9449
   0.0000   0.0000   0.0000   0.9491   1.3482   1.6655   2.9377   2.1458   1.9431
   0.0000   0.0000   0.0000   0.9481   1.3418   1.6472   2.9190   2.1438   1.9242
   0.0000   0.0000   0.0000   0.9475   1.3351   1.6213   2.8912   2.1363   1.8916
   0.0000   0.0000   0.0000   0.9459   1.3325   1.6092   2.8612   2.1275   1.8853
   0.0000   0.0000   0.0000   0.9432   1.3294   1.6005   2.8345   2.1134   1.8689
   0.0000   0.0000   0.0000   0.9365   1.3220   1.5857   2.8019   2.0601   1.8575
   0.0000   0.0000   0.0000   0.9350   1.3179   1.5523   2.7893   2.0431   1.8257
   0.0000   0.0000   0.0000   0.9344   1.3121   1.5457   2.7528   2.0292   1.8107
   0.0000   0.0000   0.0000   0.9311   1.3092   1.5426   2.6921   2.0204   1.8031
   0.0000   0.0000   0.0000   0.9254   1.2988   1.5285   2.6651   2.0020   1.7743
   0.0000   0.0000   0.0000   0.9203   1.2819   1.5023   2.6524   1.9835   1.7517
   0.0000   0.0000   0.0000   0.9173   1.2715   1.4902   2.6475   1.9657   1.7269
   0.0000   0.0000   0.0000   0.9155   1.2663   1.4745   2.6361   1.9500   1.7157
   0.0000   0.0000   0.0000   0.9133   1.2563   1.4522   2.6206   1.9265   1.6977
   0.0000   0.0000   0.0000   0.9098   1.2510   1.4217   2.5925   1.9049   1.6797
   0.0000   0.0000   0.0000   0.9030   1.2470   1.3714   2.5567   1.8963   1.6647
   0.0000   0.0000   0.0000   0.9013   1.2421   1.3512   2.4952   1.8837   1.6573
   0.0000   0.0000   0.0000   0.9006   1.2309   1.3467   2.4223   1.8702   1.6313
   0.0000   0.0000   0.0000   0.8995   1.2286   1.3427   2.3811   1.8483   1.6106
   0.0000   0.0000   0.0000   0.8976   1.2277   1.3415   2.3399   1.8014   1.5903
   0.0000   0.0000   0.0000   0.8961   1.2217   1.3358   2.3164   1.7687   1.5733
   0.0000   0.0000   0.0000   0.8920   1.1987   1.3293   2.2775   1.7273   1.5529
   0.0000   0.0000   0.0000   0.8891   1.1762   1.3259   2.2177   1.7193   1.5400
   0.0000   0.0000   0.0000   0.8863   1.1636   1.3221   2.2070   1.7147   1.5288
   0.0000   0.0000   0.0000   0.8796   1.1582   1.3172   2.1677   1.7061   1.5264
   0.0000   0.0000   0.0000   0.8737   1.1507   1.2996   2.1486   1.6985   1.5165
   0.0000   0.0000   0.0000   0.8726   1.1439   1.2951   2.1377   1.6704   1.5002
   0.0000   0.0000   0.0000   0.8680   1.1392   1.2904   2.1346   1.6371   1.4963
   0.0000   0.0000   0.0000   0.8651   1.1315   1.2841   2.1315   1.6252   1.4892
   0.0000   0.0000   0.0000   0.8632   1.1276   1.2702   2.1268   1.6237   1.4822
   0.0000   0.0000   0.0000   0.8609   1.1248   1.2631   2.1128   1.6199   1.4712
   0.0000   0.0000   0.0000   0.8587   1.1217   1.2565   2.1027   1.6161   1.4371
   0.0000   0.0000   0.0000   0.8546   1.1178   1.2488   2.0925   1.6105   1.4201
   0.0000   0.0000   0.0000   0.8504   1.1137   1.2425   2.0669   1.6063   1.4196
   0.0000   0.0000   0.0000   0.8493   1.1082   1.2371   2.0560   1.6008   1.4089
   0.0000   0.0000   0.0000   0.8490   1.1063   1.2333   2.0533   1.5973   1.4055
   0.0000   0.0000   0.0000   0.8487   1.1048   1.2283   2.0496   1.5971   1.3964
   0.0000   0.0000   0.0000   0.8482   1.1021   1.2177   2.0350   1.5940   1.3959
   0.0000   0.0000   0.0000   0.8467   1.0990   1.2102   2.0168   1.5897   1.3957
   0.0000   0.0000   0.0000   0.8463   1.0866   1.2055   1.9899   1.5737   1.3950
   0.0000   0.0000   0.0000   0.8462   1.0770   1.1984   1.9588   1.5642   1.3940
   0.0000   0.0000   0.0000   0.8461   1.0739   1.1922   1.9347   1.5506   1.3915
   0.0000   0.0000   0.0000   0.8458   1.0716   1.1872   1.9216   1.5287   1.3902
   0.0000   0.0000   0.0000   0.8450   1.0691   1.1819   1.9188   1.5169   1.3898
   0.0000   0.0000   0.0000   0.8444   1.0649   1.1748   1.9143   1.5075   1.3887
   0.0000   0.0000   0.0000   0.8435   1.0610   1.1712   1.9106   1.5032   1.3821
   0.0000   0.0000   0.0000   0.8412   1.0568   1.1661   1.9097   1.4951   1.3602
   0.0000   0.0000   0.0000   0.8391   1.0449   1.1613   1.9041   1.4864   1.3409
   0.0000   0.0000   0.0000   0.8372   1.0422   1.1593   1.8941   1.4851   1.3391
   0.0000   0.0000   0.0000   0.8360   1.0405   1.1534   1.8823   1.4762   1.3367
   0.0000   0.0000   0.0000   0.8312   1.0357   1.1398   1.8702   1.4471   1.3361
   0.0000   0.0000   0.0000   0.8303   1.0326   1.1346   1.8640   1.4300   1.3360
   0.0000   0.0000   0.0000   0.8284   1.0280   1.1327   1.8512   1.4151   1.3353
   0.0000   0.0000   0.0000   0.8254   1.0228   1.1325   1.8392   1.3947   1.3277
   0.0000   0.0000   0.0000   0.8241   1.0167   1.1321   1.8302   1.3716   1.3026
   0.0000   0.0000   0.0000   0.8235   1.0143   1.1266   1.8279   1.3258   1.2862
   0.0000   0.0000   0.0000   0.8235   1.0110   1.1129   1.8242   1.3115   1.2837
   0.0000   0.0000   0.0000   0.8234   1.0079   1.1051   1.8178   1.3050   1.2832
   0.0000   0.0000   0.0000   0.8231   1.0050   1.1011   1.8135   1.2847   1.2673
   0.0000   0.0000   0.0000   0.8228   1.0022   1.0994   1.8055   1.2764   1.2478
   0.0000   0.0000   0.0000   0.8216   0.9957   1.0904   1.7952   1.2724   1.2473
   0.0000   0.0000   0.0000   0.8196   0.9898   1.0856   1.7748   1.2721   1.2465
   0.0000   0.0000   0.0000   0.8166   0.9869   1.0797   1.7470   1.2559   1.2435
   0.0000   0.0000   0.0000   0.8110   0.9842   1.0640   1.7187   1.2486   1.2430
   0.0000   0.0000   0.0000   0.8065   0.9788   1.0517   1.6277   1.2406   1.2419
   0.0000   0.0000   0.0000   0.8020   0.9769   1.0496   1.5671   1.2327   1.2390
   0.0000   0.0000   0.0000   0.8008   0.9709   1.0479   1.5534   1.2276   1.2245
   0.0000   0.0000   0.0000   0.7997   0.9645   1.0454   1.5056   1.2102   1.1963
   0.0000   0.0000   0.0000   0.7989   0.9632   1.0432   1.4914   1.2051   1.1787
   0.0000   0.0000   0.0000   0.7975   0.9593   1.0417   1.4821   1.2039   1.1532
   0.0000   0.0000   0.0000   0.7968   0.9550   1.0396   1.4670   1.2012   1.1331
   0.0000   0.0000   0.0000   0.7964   0.9499   1.0365   1.4407   1.1980   1.1255
   0.0000   0.0000   0.0000   0.7962   0.9466   1.0330   1.4149   1.1937   1.1121
   0.0000   0.0000   0.0000   0.7959   0.9456   1.0296   1.4004   1.1912   1.0988
   0.0000   0.0000   0.0000   0.7946   0.9440   1.0195   1.3996   1.1873   1.0829
   0.0000   0.0000   0.0000   0.7933   0.9406   1.0147   1.3949   1.1812   1.0772
   0.0000   0.0000   0.0000   0.7931   0.9360   1.0078   1.3892   1.1730   1.0734
   0.0000   0.0000   0.0000   0.7924   0.9324   0.9902   1.3736   1.1564   1.0695
   0.0000   0.0000   0.0000   0.7909   0.9305   0.9753   1.3470   1.1530   1.0655
   0.0000   0.0000   0.0000   0.7876   0.9297   0.9627   1.3443   1.1492   1.0594
   0.0000   0.0000   0.0000   0.7856   0.9289   0.9607   1.3366   1.1424   1.0532
   0.0000   0.0000   0.0000   0.7847   0.9272   0.9590   1.3337   1.1309   1.0515
   0.0000   0.0000   0.0000   0.7839   0.9228   0.9555   1.3017   1.1257   1.0496
   0.0000   0.0000   0.0000   0.7830   0.9220   0.9521   1.2979   1.1228   1.0454
   0.0000   0.0000   0.0000   0.7820   0.9192   0.9496   1.2919   1.1163   1.0432
   0.0000   0.0000   0.0000   0.7812   0.9160   0.9424   1.2787   1.1055   1.0420
   0.0000   0.0000   0.0000   0.7800   0.9139   0.9395   1.2716   1.0948   1.0415
   0.0000   0.0000   0.0000   0.7792   0.9130   0.9375   1.2711   1.0927   1.0413
   0.0000   0.0000   0.0000   0.7787   0.9117   0.9346   1.2704   1.0825   1.0392
   0.0000   0.0000   0.0000   0.7782   0.9089   0.9320   1.2641   1.0775   1.0390
   0.0000   0.0000   0.0000   0.7774   0.9080   0.9315   1.2543   1.0717   1.0390
   0.0000   0.0000   0.0000   0.7770   0.9052   0.9312   1.2493   1.0665   1.0362
   0.0000   0.0000   0.0000   0.7763   0.9008   0.9306   1.2439   1.0601   1.0352
   0.0000   0.0000   0.0000   0.7732   0.8982   0.9295   1.2387   1.0590   1.0350
   0.0000   0.0000   0.0000   0.7693   0.8943   0.9216   1.2354   1.0573   1.0350
   0.0000   0.0000   0.0000   0.7665   0.8915   0.9134   1.2321   1.0545   1.0346
   0.0000   0.0000   0.0000   0.7613   0.8829   0.9092   1.2275   1.0522   1.0330
   0.0000   0.0000   0.0000   0.7530   0.8811   0.9053   1.2239   1.0509   1.0299
   0.0000   0.0000   0.0000   0.7525   0.8774   0.9033   1.2192   1.0499   1.0295
   0.0000   0.0000   0.0000   0.7518   0.8765   0.9018   1.2141   1.0482   1.0292
   0.0000   0.0000   0.0000   0.7516   0.8737   0.8971   1.2076   1.0469   1.0291
   0.0000   0.0000   0.0000   0.7513   0.8692   0.8946   1.2006   1.0449   1.0290
   0.0000   0.0000   0.0000   0.7511   0.8675   0.8942   1.1987   1.0430   1.0290
   0.0000   0.0000   0.0000   0.7511   0.8635   0.8928   1.1952   1.0427   1.0280
   0.0000   0.0000   0.0000   0.7510   0.8614   0.8924   1.1894   1.0421   1.0276
   0.0000   0.0000   0.0000   0.7498   0.8589   0.8910   1.1833   1.0394   1.0264
   0.0000   0.0000   0.0000   0.7489   0.8565   0.8900   1.1778   1.0361   1.0255
   0.0000   0.0000   0.0000   0.7475   0.8551   0.8894   1.1744   1.0304   1.0221
   0.0000   0.0000   0.0000   0.7462   0.8486   0.8856   1.1744   1.0278   1.0188
   0.0000   0.0000   0.0000   0.7460   0.8467   0.8822   1.1712   1.0250   1.0137
   0.0000   0.0000   0.0000   0.7457   0.8467   0.8801   1.1639   1.0203   1.0107
   0.0000   0.0000   0.0000   0.7433   0.8457   0.8775   1.1570   1.0195   1.0082
   0.0000   0.0000   0.0000   0.7413   0.8424   0.8727   1.1518   1.0176   1.0067
   0.0000   0.0000   0.0000   0.7401   0.8397   0.8681   1.1481   1.0167   1.0057
   0.0000   0.0000   0.0000   0.7380   0.8370   0.8674   1.1456   1.0083   1.0012
   0.0000   0.0000   0.0000   0.7361   0.8345   0.8641   1.1412   1.0024   0.9993
