   0.0000   0.0000   0.0000   0.0000   0.0000   0.0000   0.0000   0.0000   0.0000
   0.0000   0.0000   0.0000   0.0000   0.0000   0.0000   0.0000   0.0000   0.0000
   0.0000   0.0000   0.0000   0.0000   0.0000   0.0000   0.0000   0.0000   0.0000
   0.0000   0.0000   0.0000   0.0000   0.0000   0.0000   0.0000   0.0000   0.0000
   0.0000   0.0000   0.0000   0.0000   0.0000   0.0000   0.0000   0.0000   0.0000
   0.0000   0.0000   0.0000   0.0000   0.0000   0.0000   0.0000   0.0000   0.0000
   0.0000   0.0000   0.0000   0.0000   0.0000   0.0000   0.0000   0.0000   0.0000
   0.0000   0.0000   0.0000   0.0000   0.0000   0.0000   0.0000   0.0000   0.0000
   0.0000   0.0000   0.0000   0.0000   0.0000   0.0000   0.0000   0.0000   0.0000
   0.0000   0.0000   0.0000   0.0000   0.0000   0.0000   0.0000   0.0000   0.0000
   0.0000   0.0000   0.0000   0.0000   0.0000   0.0000   0.0000   0.0000   0.0000
   0.0000   0.0000   0.0000   0.0000   0.0000   0.0000   0.0000   0.0000   0.0000
   0.0000   0.0000   0.0000   0.0000   0.0000   0.0000   0.0000   0.0000   0.0000
   0.0000   0.0000   0.0000   0.0000   0.0000   0.0000   0.0000   0.0000   0.0000
   0.0000   0.0000   0.0000   0.0000   0.0000   0.0000   0.0000   0.0000   0.0000
   0.0000   0.0000   0.0000   0.0000   0.0000   0.0000   0.0000   0.0000   0.0000
   0.0000   0.0000   0.0000   0.0000   0.0000   0.0000   0.0000   0.0000   0.0000
   0.0000   0.0000   0.0000   0.0000   0.0000   0.0000   0.0000   0.0000   0.0000
   0.0000   0.0000   0.0000   0.0000   0.0000   0.0000   0.0000   0.0000   0.0000
   0.0000   0.0000   0.0000   0.0000   0.0000   0.0000   0.0000   0.0000   0.0000
   0.0000   0.0000   0.0000   0.0000   0.0000   0.0000   0.0000   0.0000   0.0000
   0.0000   0.0000   0.0000   0.0000   0.0000   0.0000   0.0000   0.0000   0.0000
   0.0000   0.0000   0.0000   0.0000   0.0000   0.0000   0.0000   0.0000   0.0000
   0.0000   0.0000   0.0000   0.0000   0.0000   0.0000   0.0000   0.0000   0.0000
   0.0000   0.0000   0.0000   0.0000   0.0000   0.0000   0.0000   0.0000   0.0000
   0.0000   0.0000   0.0000   0.0000   0.0000   0.0000   0.0000   0.0000   0.0000
   0.0000   0.0000   0.0000   0.0000   0.0000   0.0000   0.0000   0.0000   0.0000
   0.0000   0.0000  16.5033   0.0000   0.0000   0.0000   0.0000  17.2779  17.4863
  12.5194   0.0000  16.4680   0.0000   0.0000  17.9395  17.8093  17.2638  17.4909
  12.5119   0.0000  16.4612  16.2246   0.0000  17.9436  17.8083  17.2610  17.4937
  12.4944  12.9379  16.4635  16.2149   0.0000  17.9425  17.8079  17.2566  17.4965
  12.4866  12.9354  16.4435  16.2029  17.5476  17.9421  17.8063  17.2531  17.4957
  12.4655  12.9268  16.2607  16.1909  17.5478  17.9374  17.8054  17.2525  17.4958
  12.4167  12.9127  15.9320  16.1676  17.5474  17.9369  17.8064  17.2507  17.4969
  12.3655  12.9057  15.6104  16.1420  17.5481  17.9405  17.8087  17.2443  17.4945
  12.3081  12.8965  15.4545  16.1078  17.5482  17.9420  17.8080  17.2444  17.4946
  12.2923  12.8736  15.1293  16.0743  17.5485  17.9406  17.8096  17.2431  17.4949
  12.2907  12.8519  14.9891  16.0610  17.5485  17.9388  17.8117  17.2410  17.4940
  12.2927  12.8444  14.9408  16.0556  17.5478  17.9398  17.8073  17.2387  17.4937
  12.2951  12.8317  14.8561  16.0424  17.5469  17.9408  17.8081  17.2370  17.4936
  12.2962  12.7705  14.7779  16.0116  17.5479  17.9385  17.8091  17.2372  17.4958
  12.2970  12.7273  14.7234  15.9521  17.5504  17.9410  17.8117  17.2370  17.4985
  12.2970  12.7039  14.4169  15.8991  17.5500  17.9413  17.8173  17.2358  17.4988
  12.2847  12.6621  13.9856  15.8350  17.5504  17.9408  17.8166  17.2342  17.5002
  12.2536  12.5399  13.5495  15.6845  17.5513  17.9399  17.8115  17.2328  17.5015
  12.1982  12.3469  13.3474  15.6415  17.5520  17.9402  17.8184  17.2320  17.5049
  11.9681  12.1449  13.1172  15.6000  17.5516  17.9303  17.8122  17.2311  17.5064
  11.5302  11.8139  12.6108  15.5243  17.5483  17.9267  17.8146  17.2307  17.5064
  11.1749  11.4754  11.9534  15.4422  17.5386  17.9109  17.8152  17.2307  17.5054
  10.3019  11.2039  11.3057  15.3841  17.5241  17.9088  17.8137  17.2299  17.5051
   8.7126  10.9846  10.6529  15.2579  17.4799  17.9102  17.8127  17.2290  17.5036
   8.0690  10.7109  10.4011  14.9222  17.4443  17.9135  17.8127  17.2281  17.5021
   8.0818  10.2767  10.3647  14.7891  17.3875  17.8988  17.8128  17.2279  17.4950
   7.6856  10.0929  10.1458  14.7668  17.2879  17.8636  17.8146  17.2276  17.4751
   6.8098   9.8762  10.0618  14.7370  17.1055  17.7026  17.8170  17.2276  17.4674
   5.9214   9.5610   9.9457  14.7141  16.8724  17.3983  17.8178  17.2281  17.4519
   5.0294   8.9223   9.7482  14.6710  16.6775  17.0519  17.8163  17.2275  17.4385
   4.6685   8.0951   9.6618  14.5672  16.5617  16.8381  17.8150  17.2264  17.4170
   4.2904   6.9428   9.5538  14.3701  16.4572  16.8059  17.8163  17.2266  17.3647
   3.9210   6.6568   9.4527  14.4289  16.3973  16.8188  17.8170  17.2255  17.3400
   3.4680   6.3928   9.1390  14.5984  16.3297  16.8083  17.8177  17.2216  17.3329
   3.2206   6.2141   8.8044  14.7626  16.2238  16.7681  17.8173  17.2212  17.3198
   3.0824   6.0251   8.6096  14.8181  16.0297  16.7472  17.8162  17.2208  17.3157
   3.0074   5.8772   8.3500  14.7714  15.9416  16.7142  17.8158  17.2207  17.3116
   2.9754   5.7156   8.0994  14.7473  15.8834  16.6428  17.8156  17.2201  17.3021
   2.9642   5.4699   8.0370  14.7250  15.8192  16.6163  17.8143  17.2192  17.2939
   2.9476   5.1991   8.0122  14.5541  15.6877  16.6205  17.8133  17.2168  17.2833
   2.9067   4.6082   7.9948  14.3238  15.4439  16.6161  17.8130  17.2149  17.2692
   2.8675   3.8215   7.9850  14.1612  15.3527  16.6045  17.8130  17.2127  17.2571
   2.8348   3.6131   7.8839  14.0089  15.2217  16.5688  17.8127  17.2098  17.2474
   2.8023   3.5396   7.5240  13.9159  15.1454  16.5894  17.8125  17.2063  17.2443
   2.7936   3.4008   7.3231  13.8734  15.0639  16.5571  17.8135  17.2026  17.2368
   2.7091   3.2109   7.2078  13.8604  14.9883  16.4945  17.8142  17.2004  17.2314
   2.6682   3.1443   7.1333  13.7522  14.7460  16.4241  17.8145  17.1977  17.2255
   2.6334   3.0887   6.9725  13.4130  14.4446  16.4013  17.8153  17.1965  17.2204
   2.5635   2.9419   6.8811  13.1414  14.3405  16.3639  17.8165  17.1945  17.2157
   2.5056   2.8695   6.8508  13.0368  14.1706  16.3368  17.8169  17.1925  17.2122
   2.4618   2.8002   6.7905  12.9029  14.0682  16.2303  17.8165  17.1902  17.2077
   2.4204   2.7443   6.5924  12.6413  13.9622  16.0540  17.8135  17.1888  17.2051
   2.3832   2.7253   6.5084  12.2326  13.7997  15.7768  17.7055  17.1884  17.2038
   2.3660   2.7119   6.3194  12.2276  13.6381  15.9755  17.6399  17.1884  17.2031
   2.3642   2.6470   6.1656  12.0976  13.4185  16.4252  17.4876  17.1882  17.2025
   2.3483   2.5940   6.0275  11.7959  12.7415  16.6355  17.2251  17.1874  17.2026
   2.2795   2.5165   5.9720  11.5374  12.1975  16.1355  17.0622  17.1864  17.2035
   2.2355   2.4642   5.8802  11.3882  12.0941  15.9702  17.0249  17.1858  17.2038
   2.2142   2.4417   5.7217  11.2065  12.0420  16.1761  16.8751  17.1852  17.2040
   2.2096   2.4217   5.6415  10.9330  11.9972  16.2308  16.7734  17.1849  17.2044
   2.1803   2.3572   5.5331  10.7581  11.8230  16.2322  16.6800  17.1845  17.2049
   2.1007   2.3493   5.4745  10.6992  11.5958  16.1513  16.6218  17.1837  17.2057
   2.0949   2.3626   5.3508  10.3904  11.4433  15.8828  16.5637  17.1821  17.2057
   2.0714   2.3182   5.2075  10.2400  11.3253  15.7362  16.4842  17.1803  17.1970
   2.0556   2.2376   5.0839  10.1617  11.3039  15.6533  16.3559  17.1799  17.1748
   2.0283   2.2795   4.9666  10.1023  11.1905  15.5163  16.2931  17.1782  17.0850
   1.9482   2.2959   4.9386   9.9334  11.0357  15.4292  16.2587  17.1750  17.0191
   1.9151   2.2946   4.8897   9.7724  10.9743  15.3619  16.2412  17.1706  16.9661
   1.8976   2.2833   4.8030   9.7325  10.9289  15.2691  16.2126  17.1447  16.9226
   1.8797   2.2686   4.6889   9.6810  10.8919  15.1891  16.0944  17.0331  16.6891
   1.8713   2.2522   4.5142   9.6103  10.8747  15.0850  16.0350  16.8489  16.3746
   1.8608   2.2223   4.3854   9.4476  10.8568  14.8622  16.0075  16.7274  16.2636
   1.8262   2.2060   4.3304   9.3392  10.8558  14.7245  15.9743  16.7773  16.1289
   1.7975   2.2042   4.2603   9.2602  10.7911  14.4940  15.8921  16.6864  16.0529
   1.7946   2.2020   4.1701   9.1883  10.7611  14.4163  15.8518  16.5188  15.8459
   1.7938   2.1926   4.1159   9.0926  10.7267  14.2353  15.6871  16.2236  15.6465
   1.7928   2.1873   4.0060   9.0439  10.6663  13.9608  15.6216  16.0124  15.4450
   1.7828   2.1736   3.8271   8.9751  10.6577  13.7507  15.6057  15.8417  15.3282
   1.7516   2.1524   3.6896   8.9158  10.6481  13.3850  15.5931  15.7183  15.2053
   1.7311   2.1364   3.6640   8.8502  10.5291  12.8436  15.5788  15.6363  15.1454
   1.7037   2.1288   3.6469   8.8360  10.4740  12.3941  15.5644  15.5679  15.0709
   1.6837   2.1266   3.6306   8.8305  10.3961  12.0766  15.5128  15.5283  14.9618
   1.6635   2.1254   3.6041   8.7978  10.2914  11.7290  15.4728  15.3654  14.7797
   1.6472   2.0961   3.5826   8.7260  10.2372  11.3733  15.4063  15.2364  14.6410
   1.6417   2.0619   3.4921   8.4877  10.1428  11.2883  15.3275  15.1433  14.5710
   1.6397   2.0561   3.3668   8.3298  10.0743  11.1543  15.2689  14.9902  14.4712
   1.6394   2.0413   3.3046   8.2708  10.0063  11.1101  15.2346  14.8783  14.3903
   1.6344   2.0124   3.2575   8.1790   9.9592  11.0342  15.1709  14.5406  14.2847
   1.6275   1.9890   3.2206   8.0278   9.9231  10.9272  14.9620  14.3856  14.2105
   1.6259   1.9724   3.1888   7.8756   9.8740  10.8405  14.6252  14.1509  14.1282
   1.6177   1.9537   3.0816   7.8263   9.8224  10.7623  14.3565  13.9156  13.7519
   1.6093   1.9407   3.0431   7.7665   9.7362  10.6277  14.2123  13.8111  13.6658
   1.6062   1.9261   3.0331   7.7031   9.6342  10.3054  14.1097  13.5670  13.4108
   1.5999   1.9105   3.0258   7.5635   9.5525  10.0740  13.9618  13.3525  13.1970
   1.5976   1.9047   2.9795   7.4036   9.5053   9.9822  13.9107  13.2730  13.1128
   1.5966   1.8919   2.9180   7.4026   9.4452   9.9125  13.8603  13.2177  12.9922
   1.5849   1.8759   2.8965   7.4067   9.2486   9.7999  13.8414  13.1802  12.6099
   1.5726   1.8324   2.7875   7.4362   9.0824   9.6720  13.7610  13.0791  12.3876
   1.5649   1.8021   2.6862   7.3781   8.8974   9.5633  13.6861  12.7808  12.1745
   1.5617   1.7979   2.6369   7.0750   8.7424   9.4739  13.5425  12.5742  12.0725
   1.5603   1.7966   2.6021   6.8270   8.6301   9.3515  13.4095  12.4072  12.0244
   1.5554   1.7877   2.5668   6.5192   8.5101   9.2057  13.2090  12.3456  11.9716
   1.5499   1.7825   2.5460   6.4007   8.4617   9.0877  13.0421  12.3228  11.6419
   1.5494   1.7815   2.5267   6.2893   8.2603   9.0111  12.9142  12.2694  11.4418
   1.5466   1.7809   2.5265   6.1132   8.0849   9.0034  12.7936  12.2177  11.3683
   1.5437   1.7766   2.5213   5.9160   7.9569   8.9335  12.7126  12.0696  11.3017
   1.5400   1.7666   2.4927   5.8349   7.9296   8.8786  12.5868  11.9335  11.2863
   1.5388   1.7602   2.4543   5.7778   7.8781   8.5691  12.4105  11.8761  11.2748
   1.5374   1.7520   2.4306   5.7114   7.8017   8.3509  12.3003  11.6776  11.2655
   1.5333   1.7429   2.3720   5.6261   7.7303   8.2513  12.1677  11.5760  11.2612
   1.5311   1.7264   2.3125   5.5565   7.6452   8.0370  12.0849  11.5535  11.2510
   1.5038   1.7129   2.2583   5.5241   7.5796   7.9088  12.0673  11.5389  11.2070
   1.4929   1.7067   2.1993   5.4298   7.4675   7.5780  12.0392  11.5195  11.1650
   1.4902   1.7024   2.1524   5.2149   7.3926   7.4500  11.9471  11.4843  11.1381
   1.4888   1.6854   2.0735   5.1405   7.3239   7.2654  11.8872  11.4151  11.0220
   1.4881   1.6781   1.9754   5.0962   7.1134   7.1747  11.8686  11.3549  10.9197
   1.4862   1.6717   1.9119   4.9317   7.0281   7.0744  11.8641  11.2867  10.8680
   1.4781   1.6676   1.8639   4.7754   6.8046   6.9300  11.7407  11.2283  10.6416
   1.4719   1.6653   1.8348   4.6857   6.7382   6.8167  11.6451  11.1122  10.5315
   1.4653   1.6596   1.8057   4.6092   6.7208   6.7755  11.5899  11.0787  10.4174
   1.4637   1.6535   1.7866   4.5164   6.7052   6.6786  11.4735  11.0638  10.3703
   1.4555   1.6458   1.7929   4.4570   6.6825   6.5001  11.4152  10.9283  10.2832
   1.4369   1.6375   1.7834   4.4044   6.5417   6.2551  11.3035  10.8133  10.0825
   1.4313   1.6244   1.7714   4.3590   6.1457   5.9458  11.1102  10.7521   9.6669
   1.4303   1.6066   1.7574   4.3226   5.9450   5.7790  11.0311  10.6197   9.4395
   1.4299   1.5932   1.7432   4.2645   5.7199   5.7608  10.9077  10.5039   9.3565
   1.4296   1.5745   1.7345   4.1451   5.4799   5.7052  10.8010  10.4758   9.2745
   1.4290   1.5638   1.7312   4.0853   5.3770   5.6250  10.7507  10.3990   9.1526
   1.4283   1.5513   1.7220   4.0219   5.3502   5.4754  10.7356  10.3576   9.1098
   1.4275   1.5454   1.6943   3.9395   5.3457   5.3466  10.7310  10.2827   9.0132
   1.4208   1.5439   1.6677   3.8326   5.3210   5.2911  10.6963  10.1859   8.8127
   1.4142   1.5371   1.6394   3.7362   5.2890   5.2305  10.5661  10.0775   8.7097
   1.4182   1.5282   1.6226   3.6988   5.2549   5.0946  10.0402  10.0360   8.6350
   1.4137   1.5111   1.6192   3.6634   5.1267   5.0352   9.8971  10.0075   8.6080
   1.4075   1.4824   1.6153   3.6326   4.8796   5.0188   9.8080   9.9396   8.4784
   1.4035   1.4838   1.6116   3.6006   4.6476   4.9972   9.7511   9.9220   8.3225
   1.4017   1.4862   1.6084   3.5757   4.4750   4.9559   9.6883   9.9061   8.2149
   1.3922   1.4862   1.6028   3.5275   4.4002   4.8504   9.6660   9.7600   8.1689
   1.3752   1.4682   1.5990   3.5071   4.3422   4.8241   9.6399   9.5205   8.1467
   1.3689   1.4568   1.5970   3.4890   4.2415   4.7892   9.6200   9.4157   8.1277
   1.3672   1.4449   1.5957   3.4577   4.1930   4.6639   9.5434   9.3158   8.1171
   1.3621   1.4266   1.5944   3.4305   4.1037   4.5236   9.4188   9.2723   8.1070
   1.3541   1.4158   1.5931   3.3626   3.9303   4.3524   9.3326   9.2367   8.0910
   1.3472   1.4002   1.5918   3.2783   3.7826   4.3209   9.2693   9.0820   7.8982
   1.3398   1.3977   1.5919   3.1653   3.5926   4.2946   9.2005   8.9662   7.8037
   1.3223   1.3953   1.5919   3.1018   3.4087   4.2592   9.1401   8.9235   7.7652
   1.3185   1.3948   1.5921   3.0572   3.3782   4.2233   9.0639   8.8754   7.7158
   1.3116   1.3918   1.5926   2.9975   3.3249   4.1890   9.0213   8.6698   7.6350
   1.3008   1.3889   1.5927   2.9635   3.2387   4.1570   8.8929   8.3748   7.5272
   1.2946   1.3819   1.5924   2.9413   3.1822   4.1262   8.5076   8.0083   7.4124
   1.2898   1.3736   1.5918   2.9026   3.1629   4.0751   8.3046   7.7970   7.2790
   1.2820   1.3681   1.5907   2.8764   3.0816   4.0342   8.0176   7.6468   7.1916
   1.2706   1.3565   1.5901   2.8429   3.0164   4.0088   7.7553   7.4783   7.1654
   1.2556   1.3484   1.5901   2.7428   2.9748   3.9708   7.3459   7.3504   7.1274
   1.2476   1.3419   1.5882   2.6412   2.9133   3.9423   7.1910   7.1698   7.1068
   1.2409   1.3378   1.5808   2.5550   2.8204   3.8954   7.0750   7.0441   6.9734
   1.2351   1.3328   1.5759   2.4760   2.7386   3.8064   6.8674   6.8057   6.8891
   1.2309   1.3294   1.5671   2.4462   2.6872   3.7590   6.6248   6.7150   6.4868
   1.2260   1.3278   1.5607   2.4075   2.6597   3.6610   6.5593   6.5579   6.3097
   1.2199   1.3265   1.5572   2.3893   2.6303   3.6073   6.4519   6.4348   6.1805
   1.2192   1.3246   1.5440   2.3685   2.5986   3.5678   6.3323   6.2829   6.1106
   1.2135   1.3164   1.5211   2.3460   2.5367   3.4913   6.2572   6.1800   6.0597
   1.2067   1.3081   1.5083   2.3173   2.4011   3.4487   6.1906   5.9611   5.8685
   1.1965   1.3055   1.5033   2.2963   2.3246   3.4139   6.1262   5.7029   5.6042
   1.1899   1.3022   1.4900   2.2791   2.2800   3.3751   5.7618   5.5410   5.2509
   1.1827   1.2936   1.4680   2.2436   2.2131   3.3053   5.3469   5.3528   5.0549
   1.1774   1.2882   1.4470   2.2213   2.1877   3.2819   5.3077   5.2433   4.8104
   1.1738   1.2785   1.4425   2.1898   2.1620   3.2653   5.3052   5.1677   4.7258
   1.1692   1.2659   1.4452   2.1809   2.1433   3.2394   5.2610   5.1125   4.6019
   1.1679   1.2554   1.4471   2.1633   2.1377   3.2084   5.2016   5.0790   4.4281
   1.1647   1.2520   1.4461   2.1463   2.1186   3.1281   5.1362   5.0240   4.2641
   1.1598   1.2322   1.4258   2.1262   2.0635   2.9570   5.0210   5.0029   4.1208
   1.1568   1.2302   1.4168   2.1066   2.0140   2.9197   4.8632   4.9683   3.9697
   1.1563   1.2118   1.4131   2.0954   1.9949   2.8207   4.7268   4.8828   3.9124
   1.1556   1.1996   1.4107   2.0679   1.9329   2.7595   4.6531   4.8513   3.8392
   1.1545   1.1993   1.3976   2.0365   1.8736   2.6657   4.5037   4.8135   3.7446
   1.1511   1.1983   1.3767   2.0045   1.8549   2.6276   4.4312   4.7695   3.6860
   1.1481   1.1927   1.3591   1.9379   1.8380   2.6097   4.3698   4.6967   3.5223
   1.1475   1.1839   1.3499   1.8558   1.8196   2.5216   4.3433   4.4770   3.4676
   1.1454   1.1761   1.3359   1.8215   1.7910   2.4208   4.3085   4.3521   3.4332
   1.1412   1.1739   1.3203   1.7888   1.7870   2.3722   4.2230   4.2583   3.3665
   1.1393   1.1692   1.3061   1.7611   1.7829   2.3519   4.1640   4.1670   3.2594
   1.1373   1.1646   1.3034   1.7438   1.7690   2.3461   4.0929   4.1512   3.1183
   1.1364   1.1622   1.3021   1.7034   1.7418   2.3203   4.0463   4.0542   3.0936
   1.1350   1.1609   1.3017   1.6739   1.7184   2.2915   3.9577   3.8327   3.0634
   1.1325   1.1565   1.3026   1.6506   1.7076   2.2618   3.8836   3.7353   3.0551
   1.1276   1.1493   1.2971   1.6439   1.7026   2.2567   3.8402   3.7004   3.0480
   1.1229   1.1500   1.2918   1.6365   1.6877   2.2476   3.7864   3.6398   3.0384
   1.1208   1.1464   1.2883   1.6337   1.6760   2.2360   3.6978   3.5805   2.9820
   1.1167   1.1441   1.2883   1.6265   1.6612   2.2253   3.6269   3.5132   2.9119
   1.1153   1.1402   1.2879   1.6089   1.6422   2.2236   3.5388   3.4020   2.8080
   1.1144   1.1380   1.2874   1.6019   1.6187   2.2182   3.4951   3.1816   2.6225
   1.1136   1.1379   1.2864   1.5986   1.6091   2.1970   3.4322   3.0160   2.5232
   1.1134   1.1357   1.2845   1.5961   1.5829   2.1376   3.3805   2.9503   2.4418
   1.1132   1.1342   1.2787   1.5931   1.5478   2.1106   3.3299   2.8550   2.3364
   1.1131   1.1311   1.2771   1.5784   1.5340   2.0898   3.2900   2.7167   2.2754
   1.1125   1.1284   1.2739   1.5704   1.5265   2.0599   3.2336   2.5972   2.2152
   1.1124   1.1199   1.2719   1.5543   1.5060   2.0419   3.1999   2.5203   2.1538
   1.1106   1.1155   1.2673   1.5400   1.4939   2.0233   3.1436   2.4916   2.1311
   1.1028   1.1062   1.2618   1.5361   1.4836   2.0070   3.1050   2.4208   2.1167
   1.1000   1.1023   1.2569   1.5319   1.4792   1.9921   3.0738   2.3382   2.1147
   1.0927   1.1006   1.2533   1.5284   1.4719   1.9803   3.0642   2.3005   2.1017
   1.0868   1.0962   1.2521   1.5221   1.4687   1.9762   3.0352   2.2765   2.0902
   1.0857   1.0922   1.2504   1.4988   1.4657   1.9667   2.9834   2.2463   2.0850
   1.0787   1.0817   1.2410   1.4873   1.4651   1.9635   2.9520   2.1989   2.0823
   1.0759   1.0753   1.2254   1.4510   1.4646   1.9572   2.9461   2.1303   2.0665
   1.0707   1.0663   1.2182   1.4072   1.4640   1.9553   2.9378   2.1023   2.0529
   1.0663   1.0579   1.2152   1.4034   1.4631   1.9520   2.9240   2.0735   2.0412
   1.0634   1.0557   1.2091   1.3974   1.4631   1.9347   2.9179   2.0526   2.0357
   1.0582   1.0569   1.2034   1.3861   1.4620   1.9227   2.8742   2.0311   2.0351
   1.0528   1.0534   1.1986   1.3792   1.4555   1.9132   2.7831   2.0130   2.0306
   1.0470   1.0511   1.1932   1.3755   1.4514   1.9052   2.7447   1.9932   2.0195
   1.0433   1.0485   1.1880   1.3599   1.4464   1.8969   2.7208   1.9707   1.9939
   1.0371   1.0467   1.1853   1.3336   1.4397   1.8899   2.7124   1.9584   1.9521
   1.0356   1.0439   1.1842   1.3157   1.4360   1.8772   2.7072   1.9515   1.8987
   1.0343   1.0429   1.1806   1.3128   1.4336   1.8558   2.6988   1.9309   1.8848
   1.0341   1.0415   1.1718   1.3103   1.4331   1.8513   2.6874   1.8932   1.8632
   1.0287   1.0397   1.1626   1.3109   1.4280   1.8504   2.6511   1.8743   1.8245
   1.0192   1.0369   1.1562   1.3053   1.4095   1.8367   2.5865   1.8468   1.7871
   1.0153   1.0351   1.1525   1.2908   1.3716   1.8240   2.5049   1.8210   1.7778
   1.0130   1.0302   1.1500   1.2837   1.3617   1.8071   2.4637   1.8029   1.7638
   1.0105   1.0261   1.1450   1.2507   1.3601   1.7931   2.4402   1.7923   1.7504
   1.0096   1.0185   1.1440   1.2438   1.3592   1.7827   2.4121   1.7887   1.7419
   1.0085   1.0140   1.1421   1.2323   1.3594   1.7803   2.3747   1.7660   1.7094
   1.0069   1.0102   1.1409   1.2206   1.3555   1.7706   2.3338   1.7570   1.7032
   1.0055   1.0088   1.1394   1.2104   1.3522   1.7537   2.3279   1.7560   1.6907
   1.0055   1.0052   1.1388   1.2085   1.3496   1.7303   2.3193   1.7426   1.6802
   1.0055   1.0035   1.1388   1.2069   1.3479   1.7179   2.2888   1.7284   1.6659
   1.0055   1.0029   1.1375   1.2062   1.3457   1.7147   2.2770   1.7247   1.6644
   1.0056   1.0017   1.1323   1.2039   1.3421   1.6962   2.2754   1.7191   1.6397
   1.0043   0.9992   1.1297   1.1956   1.3288   1.6803   2.2724   1.7161   1.6046
   1.0014   0.9940   1.1282   1.1836   1.3192   1.6743   2.2652   1.7048   1.5887
   1.0003   0.9902   1.1252   1.1776   1.3166   1.6717   2.2510   1.6887   1.5762
   0.9991   0.9871   1.1226   1.1733   1.3088   1.6652   2.2306   1.6787   1.5643
   0.9985   0.9793   1.1191   1.1707   1.3012   1.5751   2.2156   1.6756   1.5544
   0.9985   0.9761   1.1113   1.1671   1.2939   1.5455   2.2009   1.6705   1.5397
   0.9983   0.9726   1.1025   1.1616   1.2762   1.5427   2.1913   1.6671   1.5307
   0.9982   0.9723   1.0996   1.1588   1.2706   1.5299   2.1837   1.6650   1.5070
   0.9968   0.9715   1.0986   1.1415   1.2659   1.5132   2.1650   1.6641   1.4968
   0.9958   0.9707   1.0963   1.1005   1.2586   1.5073   2.1366   1.6613   1.4902
   0.9955   0.9694   1.0971   1.0789   1.2513   1.4991   2.1141   1.6535   1.4866
   0.9945   0.9666   1.0891   1.0802   1.2477   1.4915   2.0600   1.6341   1.4806
   0.9933   0.9628   1.0827   1.0816   1.2452   1.4902   2.0323   1.6171   1.4627
   0.9897   0.9592   1.0791   1.0828   1.2444   1.4814   2.0055   1.6068   1.4313
   0.9880   0.9582   1.0757   1.0840   1.2193   1.4784   1.9841   1.5977   1.4264
   0.9873   0.9573   1.0741   1.0853   1.2063   1.4755   1.9688   1.5777   1.4278
   0.9867   0.9564   1.0733   1.0853   1.2040   1.4678   1.9641   1.5638   1.4265
   0.9847   0.9557   1.0701   1.0831   1.1982   1.4587   1.9589   1.5486   1.4212
   0.9835   0.9551   1.0685   1.0754   1.1941   1.4525   1.9540   1.5392   1.4098
   0.9812   0.9533   1.0678   1.0722   1.1920   1.4409   1.9498   1.5336   1.4065
   0.9762   0.9492   1.0642   1.0595   1.1899   1.4284   1.9430   1.5257   1.4082
   0.9714   0.9483   1.0557   1.0506   1.1866   1.4228   1.9425   1.5138   1.4082
   0.9688   0.9479   1.0537   1.0480   1.1856   1.4209   1.9413   1.5042   1.4078
   0.9670   0.9471   1.0517   1.0441   1.1838   1.4206   1.9399   1.5000   1.4034
   0.9632   0.9457   1.0470   1.0362   1.1785   1.4174   1.9345   1.4920   1.3790
   0.9573   0.9441   1.0356   1.0315   1.1767   1.4135   1.9301   1.4862   1.3525
   0.9531   0.9401   1.0278   1.0303   1.1758   1.4076   1.9270   1.4769   1.3243
   0.9480   0.9380   1.0243   1.0239   1.1757   1.3998   1.8787   1.4671   1.3188
   0.9459   0.9352   1.0228   1.0147   1.1756   1.3945   1.8469   1.4571   1.3136
   0.9443   0.9327   1.0209   1.0010   1.1754   1.3872   1.8374   1.4454   1.3080
   0.9424   0.9307   1.0177   0.9854   1.1738   1.3814   1.8109   1.4385   1.2899
   0.9422   0.9299   1.0141   0.9743   1.1739   1.3776   1.7749   1.4356   1.2842
   0.9415   0.9293   1.0109   0.9701   1.1733   1.3702   1.7568   1.4345   1.2825
   0.9378   0.9276   1.0045   0.9703   1.1648   1.3628   1.7363   1.4246   1.2814
   0.9310   0.9256   1.0018   0.9698   1.1609   1.3576   1.7300   1.4110   1.2839
   0.9250   0.9215   0.9982   0.9700   1.1559   1.3380   1.7240   1.3954   1.2832
   0.9203   0.9178   0.9921   0.9702   1.1506   1.3081   1.7211   1.3833   1.2678
   0.9166   0.9144   0.9892   0.9700   1.1463   1.2967   1.7159   1.3730   1.2538
   0.9143   0.9129   0.9865   0.9660   1.1457   1.2878   1.7114   1.3609   1.2476
   0.9124   0.9128   0.9846   0.9630   1.1473   1.2841   1.7034   1.3477   1.2488
   0.9064   0.9125   0.9773   0.9617   1.1472   1.2757   1.6930   1.3372   1.2438
   0.9032   0.9107   0.9710   0.9606   1.1461   1.2614   1.6861   1.3312   1.2419
   0.9013   0.9089   0.9684   0.9583   1.1408   1.2504   1.6812   1.3212   1.2394
   0.8993   0.9071   0.9671   0.9565   1.1325   1.2420   1.6787   1.3132   1.2197
   0.8962   0.9028   0.9653   0.9516   1.1229   1.2252   1.6740   1.3063   1.1901
   0.8927   0.9002   0.9626   0.9475   1.1034   1.2131   1.6660   1.3051   1.1718
   0.8916   0.8964   0.9603   0.9478   1.0965   1.2076   1.6551   1.3038   1.1618
   0.8890   0.8947   0.9587   0.9478   1.0928   1.2029   1.6362   1.3030   1.1619
   0.8872   0.8949   0.9532   0.9476   1.0828   1.1955   1.6098   1.3027   1.1602
   0.8830   0.8944   0.9519   0.9459   1.0761   1.1919   1.5839   1.3021   1.1562
   0.8808   0.8922   0.9488   0.9447   1.0700   1.1886   1.5724   1.3017   1.1448
   0.8803   0.8906   0.9455   0.9425   1.0620   1.1866   1.5647   1.3006   1.1315
   0.8798   0.8898   0.9424   0.9395   1.0563   1.1819   1.5572   1.2965   1.1299
   0.8800   0.8894   0.9384   0.9386   1.0538   1.1800   1.5514   1.2923   1.1344
   0.8784   0.8886   0.9372   0.9368   1.0487   1.1788   1.5418   1.2874   1.1267
   0.8765   0.8865   0.9363   0.9346   1.0428   1.1771   1.5263   1.2829   1.1267
   0.8745   0.8851   0.9340   0.9263   1.0397   1.1759   1.5151   1.2792   1.1269
   0.8739   0.8814   0.9331   0.9199   1.0366   1.1747   1.5104   1.2770   1.1278
   0.8732   0.8768   0.9330   0.9141   1.0348   1.1732   1.5063   1.2729   1.1292
   0.8724   0.8749   0.9315   0.9044   1.0350   1.1712   1.5063   1.2731   1.1257
   0.8698   0.8733   0.9307   0.8992   1.0337   1.1693   1.4961   1.2683   1.1164
   0.8671   0.8710   0.9301   0.8969   1.0334   1.1670   1.4930   1.2649   1.1110
   0.8667   0.8690   0.9277   0.8954   1.0322   1.1650   1.4920   1.2638   1.1082
   0.8651   0.8680   0.9229   0.8945   1.0292   1.1643   1.4886   1.2512   1.1076
   0.8601   0.8680   0.9162   0.8939   1.0229   1.1637   1.4745   1.2456   1.1061
   0.8564   0.8678   0.9116   0.8938   1.0150   1.1595   1.4692   1.2379   1.1036
   0.8540   0.8673   0.9097   0.8933   1.0101   1.1484   1.4628   1.2287   1.1030
   0.8523   0.8641   0.9084   0.8928   1.0073   1.1367   1.4598   1.2257   1.1022
   0.8512   0.8592   0.9071   0.8918   1.0031   1.1328   1.4581   1.2244   1.1019
   0.8490   0.8570   0.9067   0.8919   0.9978   1.1298   1.4580   1.2210   1.0995
   0.8470   0.8565   0.9054   0.8922   0.9952   1.1241   1.4578   1.2202   1.0990
   0.8462   0.8553   0.9030   0.8918   0.9929   1.1227   1.4540   1.2173   1.0980
   0.8455   0.8536   0.8979   0.8918   0.9904   1.1211   1.4471   1.2152   1.0959
   0.8441   0.8502   0.8956   0.8894   0.9879   1.1190   1.4440   1.2138   1.0845
   0.8424   0.8437   0.8949   0.8882   0.9793   1.1170   1.4424   1.2136   1.0617
   0.8414   0.8418   0.8939   0.8829   0.9693   1.1153   1.4411   1.2095   1.0546
   0.8405   0.8399   0.8935   0.8758   0.9602   1.1120   1.4410   1.2046   1.0539
   0.8394   0.8388   0.8930   0.8722   0.9563   1.1060   1.4402   1.2007   1.0538
   0.8373   0.8385   0.8928   0.8696   0.9552   1.0994   1.4366   1.1951   1.0548
   0.8338   0.8373   0.8919   0.8672   0.9549   1.0972   1.4127   1.1912   1.0547
   0.8325   0.8351   0.8903   0.8635   0.9553   1.0889   1.4095   1.1880   1.0544
   0.8320   0.8338   0.8868   0.8616   0.9550   1.0758   1.4070   1.1815   1.0546
   0.8319   0.8324   0.8851   0.8609   0.9539   1.0724   1.3993   1.1765   1.0548
   0.8297   0.8307   0.8849   0.8591   0.9480   1.0699   1.3829   1.1676   1.0548
   0.8265   0.8283   0.8845   0.8575   0.9493   1.0673   1.3647   1.1604   1.0545
   0.8244   0.8259   0.8843   0.8561   0.9475   1.0642   1.3527   1.1519   1.0531
   0.8230   0.8248   0.8839   0.8556   0.9444   1.0618   1.3438   1.1471   1.0535
   0.8214   0.8234   0.8842   0.8539   0.9394   1.0605   1.2969   1.1405   1.0530
   0.8206   0.8223   0.8830   0.8524   0.9239   1.0592   1.2815   1.1362   1.0440
   0.8188   0.8207   0.8808   0.8520   0.9144   1.0580   1.2740   1.1330   1.0352
   0.8155   0.8206   0.8742   0.8520   0.9087   1.0565   1.2632   1.1293   1.0272
   0.8147   0.8180   0.8721   0.8505   0.9083   1.0544   1.2525   1.1171   1.0261
   0.8144   0.8157   0.8719   0.8482   0.9061   1.0514   1.2454   1.1068   1.0229
   0.8136   0.8142   0.8709   0.8472   0.8982   1.0400   1.2378   1.1030   1.0188
   0.8132   0.8120   0.8686   0.8466   0.8924   1.0255   1.2330   1.1009   1.0149
   0.8126   0.8104   0.8649   0.8464   0.8860   1.0217   1.2234   1.0873   1.0000
   0.8105   0.8086   0.8543   0.8460   0.8829   1.0209   1.2180   1.0812   0.9950
   0.8088   0.8080   0.8494   0.8455   0.8783   1.0207   1.2124   1.0776   0.9943
   0.8077   0.8076   0.8495   0.8443   0.8737   1.0200   1.2122   1.0742   0.9925
   0.8066   0.8062   0.8493   0.8436   0.8717   1.0185   1.2119   1.0715   0.9869
   0.8062   0.8048   0.8490   0.8432   0.8698   1.0158   1.2097   1.0682   0.9779
   0.8059   0.8029   0.8483   0.8431   0.8691   0.9995   1.1955   1.0617   0.9714
   0.8049   0.8017   0.8465   0.8423   0.8690   0.9820   1.1797   1.0532   0.9666
   0.8043   0.8009   0.8455   0.8417   0.8684   0.9728   1.1570   1.0471   0.9653
   0.8034   0.8005   0.8422   0.8395   0.8664   0.9696   1.1366   1.0430   0.9647
   0.8014   0.7999   0.8414   0.8351   0.8653   0.9685   1.1207   1.0411   0.9647
   0.7998   0.7993   0.8411   0.8351   0.8633   0.9684   1.1147   1.0385   0.9643
   0.7970   0.7992   0.8377   0.8359   0.8624   0.9681   1.1135   1.0356   0.9641
   0.7928   0.7975   0.8361   0.8356   0.8614   0.9630   1.1118   1.0275   0.9603
   0.7921   0.7956   0.8360   0.8355   0.8592   0.9591   1.1092   1.0210   0.9478
   0.7912   0.7933   0.8353   0.8346   0.8566   0.9582   1.1074   1.0154   0.9473
   0.7901   0.7912   0.8358   0.8342   0.8559   0.9578   1.1048   1.0144   0.9477
   0.7867   0.7903   0.8363   0.8314   0.8533   0.9575   1.1034   1.0146   0.9476
   0.7813   0.7892   0.8308   0.8288   0.8501   0.9575   1.0980   1.0138   0.9475
   0.7790   0.7873   0.8261   0.8238   0.8471   0.9571   1.0943   1.0130   0.9473
   0.7773   0.7852   0.8242   0.8197   0.8438   0.9572   1.0838   1.0120   0.9481
   0.7761   0.7838   0.8232   0.8165   0.8417   0.9565   1.0782   1.0097   0.9482
   0.7739   0.7828   0.8241   0.8150   0.8413   0.9526   1.0751   1.0068   0.9447
   0.7734   0.7812   0.8250   0.8154   0.8413   0.9496   1.0741   1.0041   0.9432
   0.7731   0.7792   0.8253   0.8152   0.8407   0.9478   1.0720   0.9999   0.9431
   0.7715   0.7784   0.8217   0.8174   0.8395   0.9467   1.0668   0.9963   0.9382
   0.7702   0.7774   0.8202   0.8177   0.8365   0.9452   1.0594   0.9951   0.9322
   0.7681   0.7762   0.8197   0.8159   0.8344   0.9446   1.0547   0.9802   0.9270
   0.7662   0.7751   0.8189   0.8129   0.8329   0.9417   1.0497   0.9750   0.9247
   0.7618   0.7736   0.8175   0.8052   0.8315   0.9380   1.0475   0.9736   0.9203
   0.7600   0.7730   0.8133   0.8042   0.8302   0.9352   1.0454   0.9700   0.9144
   0.7582   0.7722   0.8116   0.8034   0.8286   0.9342   1.0394   0.9646   0.9147
   0.7562   0.7704   0.8111   0.8025   0.8264   0.9317   1.0368   0.9545   0.9145
   0.7556   0.7694   0.8087   0.7993   0.8211   0.9171   1.0366   0.9509   0.9147
   0.7549   0.7691   0.8073   0.7926   0.8176   0.9117   1.0350   0.9492   0.9149
   0.7546   0.7685   0.8069   0.7898   0.8160   0.9107   1.0327   0.9465   0.9151
   0.7542   0.7680   0.8065   0.7887   0.8151   0.9099   1.0299   0.9453   0.9147
   0.7534   0.7666   0.8034   0.7870   0.8134   0.9094   1.0264   0.9440   0.9112
   0.7530   0.7649   0.8025   0.7848   0.8138   0.9093   1.0244   0.9429   0.9050
   0.7526   0.7637   0.8024   0.7843   0.8119   0.9084   1.0227   0.9421   0.9034
   0.7521   0.7614   0.8016   0.7840   0.8098   0.9063   1.0219   0.9398   0.9017
   0.7518   0.7608   0.8008   0.7835   0.8083   0.9032   1.0212   0.9371   0.8992
   0.7511   0.7603   0.7985   0.7832   0.8073   0.8982   1.0210   0.9345   0.8961
   0.7504   0.7584   0.7947   0.7831   0.8058   0.8925   1.0206   0.9343   0.8951
   0.7491   0.7572   0.7933   0.7830   0.8039   0.8876   1.0176   0.9334   0.8929
   0.7479   0.7555   0.7907   0.7829   0.8027   0.8863   1.0162   0.9324   0.8899
   0.7454   0.7533   0.7887   0.7825   0.7998   0.8858   1.0154   0.9326   0.8883
   0.7441   0.7520   0.7866   0.7821   0.7987   0.8854   1.0142   0.9322   0.8864
   0.7431   0.7513   0.7858   0.7813   0.7981   0.8842   1.0126   0.9305   0.8857
   0.7426   0.7508   0.7857   0.7804   0.7978   0.8820   1.0089   0.9280   0.8841
   0.7425   0.7502   0.7855   0.7803   0.7962   0.8795   1.0054   0.9260   0.8815
   0.7421   0.7500   0.7847   0.7802   0.7879   0.8772   1.0041   0.9229   0.8796
   0.7414   0.7493   0.7842   0.7788   0.7760   0.8761   0.9998   0.9203   0.8793
   0.7412   0.7486   0.7839   0.7767   0.7690   0.8752   0.9979   0.9114   0.8777
   0.7408   0.7477   0.7837   0.7735   0.7621   0.8754   0.9977   0.9051   0.8741
   0.7407   0.7472   0.7837   0.7713   0.7547   0.8710   0.9958   0.8989   0.8645
   0.7396   0.7467   0.7834   0.7714   0.7522   0.8703   0.9865   0.8953   0.8549
   0.7385   0.7459   0.7829   0.7705   0.7492   0.8694   0.9833   0.8932   0.8530
   0.7358   0.7454   0.7826   0.7695   0.7468   0.8685   0.9794   0.8898   0.8508
   0.7319   0.7452   0.7823   0.7680   0.7451   0.8682   0.9780   0.8889   0.8487
   0.7308   0.7445   0.7817   0.7669   0.7415   0.8680   0.9764   0.8855   0.8475
   0.7297   0.7435   0.7802   0.7652   0.7389   0.8677   0.9765   0.8830   0.8447
   0.7271   0.7422   0.7791   0.7635   0.7347   0.8675   0.9778   0.8791   0.8415
   0.7256   0.7413   0.7769   0.7627   0.7324   0.8674   0.9770   0.8760   0.8379
   0.7244   0.7410   0.7742   0.7620   0.7318   0.8675   0.9671   0.8700   0.8361
   0.7216   0.7402   0.7723   0.7595   0.7312   0.8672   0.9651   0.8577   0.8347
   0.7197   0.7382   0.7711   0.7575   0.7280   0.8669   0.9625   0.8492   0.8335
   0.7164   0.7350   0.7698   0.7569   0.7256   0.8664   0.9615   0.8470   0.8311
   0.7144   0.7334   0.7683   0.7549   0.7252   0.8660   0.9604   0.8436   0.8294
   0.7137   0.7303   0.7664   0.7526   0.7233   0.8658   0.9583   0.8411   0.8283
   0.7107   0.7265   0.7652   0.7518   0.7222   0.8641   0.9545   0.8403   0.8250
   0.7087   0.7225   0.7634   0.7515   0.7211   0.8630   0.9522   0.8394   0.8193
   0.7068   0.7208   0.7632   0.7506   0.7203   0.8615   0.9503   0.8376   0.8151
   0.7059   0.7194   0.7613   0.7494   0.7191   0.8567   0.9484   0.8371   0.8113
   0.7058   0.7186   0.7596   0.7476   0.7187   0.8524   0.9463   0.8360   0.8094
   0.7044   0.7174   0.7581   0.7448   0.7185   0.8470   0.9446   0.8351   0.8076
   0.7031   0.7159   0.7565   0.7433   0.7165   0.8422   0.9436   0.8328   0.8049
   0.7016   0.7156   0.7554   0.7412   0.7157   0.8409   0.9416   0.8299   0.8031
   0.7013   0.7155   0.7528   0.7377   0.7151   0.8397   0.9411   0.8244   0.7962
   0.7012   0.7141   0.7504   0.7369   0.7148   0.8379   0.9401   0.8235   0.7901
   0.7009   0.7133   0.7485   0.7354   0.7144   0.8380   0.9391   0.8233   0.7889
   0.7005   0.7128   0.7470   0.7333   0.7136   0.8378   0.9384   0.8222   0.7873
   0.6994   0.7130   0.7459   0.7303   0.7134   0.8372   0.9379   0.8184   0.7863
   0.6984   0.7128   0.7453   0.7280   0.7128   0.8372   0.9376   0.8152   0.7855
   0.6983   0.7122   0.7442   0.7273   0.7119   0.8375   0.9376   0.8112   0.7847
   0.6979   0.7120   0.7428   0.7262   0.7060   0.8377   0.9369   0.8062   0.7846
   0.6956   0.7115   0.7420   0.7242   0.7033   0.8372   0.9364   0.7926   0.7842
   0.6943   0.7110   0.7405   0.7206   0.7012   0.8355   0.9346   0.7839   0.7837
   0.6933   0.7103   0.7395   0.7197   0.6990   0.8342   0.9320   0.7828   0.7836
   0.6924   0.7099   0.7392   0.7192   0.6972   0.8302   0.9292   0.7809   0.7834
   0.6914   0.7099   0.7388   0.7185   0.6966   0.8245   0.9251   0.7801   0.7823
   0.6903   0.7095   0.7385   0.7171   0.6965   0.8233   0.9220   0.7783   0.7805
   0.6894   0.7096   0.7383   0.7163   0.6961   0.8214   0.9191   0.7756   0.7802
   0.6890   0.7097   0.7382   0.7159   0.6955   0.8187   0.9175   0.7744   0.7794
   0.6882   0.7067   0.7381   0.7133   0.6952   0.8171   0.9162   0.7740   0.7776
   0.6879   0.7042   0.7381   0.7113   0.6949   0.8169   0.9104   0.7714   0.7753
   0.6873   0.7035   0.7379   0.7104   0.6949   0.8171   0.9088   0.7690   0.7709
   0.6867   0.7026   0.7377   0.7100   0.6941   0.8171   0.9070   0.7675   0.7643
   0.6861   0.7019   0.7371   0.7087   0.6936   0.8169   0.9037   0.7660   0.7611
   0.6862   0.7009   0.7367   0.7060   0.6919   0.8166   0.9030   0.7617   0.7608
   0.6858   0.7003   0.7364   0.7046   0.6866   0.8128   0.8979   0.7575   0.7600
   0.6855   0.6994   0.7357   0.7039   0.6855   0.8089   0.8940   0.7552   0.7597
   0.6847   0.6991   0.7345   0.7038   0.6854   0.8066   0.8897   0.7530   0.7588
   0.6826   0.6988   0.7330   0.7038   0.6854   0.8054   0.8855   0.7479   0.7557
   0.6813   0.6984   0.7325   0.7040   0.6849   0.8037   0.8829   0.7452   0.7525
   0.6793   0.6971   0.7323   0.7038   0.6838   0.8013   0.8810   0.7440   0.7502
   0.6784   0.6959   0.7320   0.7019   0.6834   0.8002   0.8803   0.7403   0.7458
   0.6777   0.6951   0.7315   0.6984   0.6822   0.8001   0.8774   0.7387   0.7432
   0.6773   0.6935   0.7312   0.6965   0.6793   0.7995   0.8746   0.7357   0.7401
   0.6764   0.6917   0.7306   0.6957   0.6779   0.7995   0.8726   0.7318   0.7281
   0.6757   0.6908   0.7299   0.6932   0.6765   0.7986   0.8713   0.7242   0.7244
   0.6732   0.6898   0.7275   0.6905   0.6761   0.7979   0.8679   0.7218   0.7233
   0.6720   0.6892   0.7256   0.6893   0.6752   0.7977   0.8676   0.7211   0.7231
   0.6715   0.6888   0.7244   0.6891   0.6735   0.7967   0.8681   0.7200   0.7226
   0.6698   0.6880   0.7226   0.6890   0.6720   0.7953   0.8673   0.7188   0.7215
   0.6674   0.6872   0.7196   0.6891   0.6724   0.7946   0.8651   0.7170   0.7218
   0.6656   0.6847   0.7180   0.6889   0.6724   0.7922   0.8632   0.7162   0.7197
   0.6642   0.6833   0.7174   0.6888   0.6723   0.7871   0.8623   0.7158   0.7158
   0.6627   0.6829   0.7171   0.6889   0.6718   0.7811   0.8590   0.7155   0.7111
   0.6616   0.6822   0.7172   0.6883   0.6704   0.7777   0.8538   0.7159   0.7055
   0.6610   0.6820   0.7167   0.6849   0.6702   0.7768   0.8509   0.7152   0.7011
   0.6603   0.6813   0.7163   0.6825   0.6700   0.7763   0.8448   0.7162   0.6975
   0.6584   0.6800   0.7155   0.6801   0.6696   0.7755   0.8363   0.7124   0.6958
   0.6585   0.6775   0.7146   0.6787   0.6692   0.7741   0.8346   0.7107   0.6921
   0.6585   0.6747   0.7136   0.6784   0.6690   0.7731   0.8304   0.7069   0.6894
   0.6572   0.6730   0.7120   0.6778   0.6682   0.7715   0.8279   0.7028   0.6867
   0.6568   0.6726   0.7102   0.6763   0.6676   0.7709   0.8225   0.6998   0.6825
   0.6559   0.6714   0.7083   0.6748   0.6675   0.7697   0.8177   0.6945   0.6760
   0.6558   0.6692   0.7072   0.6740   0.6662   0.7677   0.8179   0.6889   0.6728
   0.6535   0.6656   0.7066   0.6735   0.6655   0.7651   0.8181   0.6848   0.6713
   0.6500   0.6622   0.7060   0.6706   0.6645   0.7633   0.8163   0.6848   0.6696
   0.6494   0.6597   0.7055   0.6695   0.6628   0.7627   0.8141   0.6843   0.6663
   0.6471   0.6583   0.7048   0.6688   0.6617   0.7606   0.8130   0.6835   0.6608
   0.6443   0.6569   0.7036   0.6674   0.6582   0.7556   0.8117   0.6823   0.6607
   0.6439   0.6550   0.7028   0.6645   0.6544   0.7508   0.8105   0.6798   0.6604
   0.6437   0.6522   0.7024   0.6618   0.6515   0.7503   0.8072   0.6774   0.6604
   0.6430   0.6505   0.7019   0.6612   0.6478   0.7501   0.8034   0.6767   0.6603
   0.6419   0.6487   0.7016   0.6593   0.6471   0.7490   0.8012   0.6764   0.6585
   0.6360   0.6468   0.7008   0.6584   0.6467   0.7451   0.7993   0.6752   0.6567
   0.6353   0.6444   0.6998   0.6570   0.6462   0.7395   0.7980   0.6742   0.6479
   0.6331   0.6425   0.6989   0.6547   0.6458   0.7371   0.7973   0.6734   0.6418
   0.6319   0.6407   0.6978   0.6517   0.6453   0.7352   0.7970   0.6696   0.6412
   0.6307   0.6354   0.6957   0.6502   0.6441   0.7325   0.7969   0.6671   0.6410
   0.6284   0.6331   0.6943   0.6492   0.6433   0.7298   0.7960   0.6644   0.6399
   0.6265   0.6329   0.6940   0.6472   0.6425   0.7283   0.7943   0.6629   0.6394
   0.6254   0.6319   0.6931   0.6466   0.6425   0.7251   0.7929   0.6610   0.6317
   0.6240   0.6307   0.6910   0.6455   0.6425   0.7207   0.7912   0.6593   0.6281
   0.6237   0.6294   0.6884   0.6449   0.6423   0.7140   0.7904   0.6586   0.6275
   0.6236   0.6289   0.6874   0.6446   0.6424   0.7096   0.7905   0.6574   0.6275
   0.6230   0.6282   0.6864   0.6431   0.6421   0.7060   0.7896   0.6529   0.6271
   0.6222   0.6276   0.6863   0.6411   0.6417   0.7044   0.7868   0.6473   0.6266
   0.6214   0.6274   0.6862   0.6393   0.6416   0.7032   0.7864   0.6418   0.6253
   0.6209   0.6263   0.6850   0.6391   0.6414   0.7011   0.7855   0.6400   0.6221
   0.6207   0.6263   0.6835   0.6388   0.6397   0.6998   0.7812   0.6390   0.6180
   0.6205   0.6254   0.6830   0.6391   0.6381   0.6985   0.7797   0.6397   0.6181
   0.6203   0.6250   0.6820   0.6371   0.6371   0.6971   0.7773   0.6404   0.6179
   0.6195   0.6243   0.6812   0.6330   0.6368   0.6965   0.7569   0.6405   0.6177
   0.6185   0.6238   0.6796   0.6322   0.6365   0.6961   0.7484   0.6397   0.6155
   0.6146   0.6235   0.6788   0.6320   0.6360   0.6939   0.7471   0.6381   0.6145
   0.6107   0.6226   0.6783   0.6315   0.6360   0.6930   0.7455   0.6314   0.6142
   0.6093   0.6223   0.6778   0.6302   0.6356   0.6899   0.7453   0.6239   0.6131
   0.6080   0.6217   0.6774   0.6296   0.6344   0.6857   0.7444   0.6195   0.6128
   0.6053   0.6217   0.6767   0.6292   0.6323   0.6847   0.7394   0.6193   0.6125
   0.6031   0.6209   0.6738   0.6282   0.6300   0.6835   0.7311   0.6189   0.6125
   0.6011   0.6202   0.6693   0.6280   0.6292   0.6816   0.7264   0.6172   0.6122
   0.5996   0.6197   0.6674   0.6276   0.6278   0.6802   0.7250   0.6123   0.6118
   0.5979   0.6196   0.6661   0.6268   0.6269   0.6787   0.7226   0.6096   0.6112
   0.5955   0.6194   0.6646   0.6264   0.6256   0.6759   0.7192   0.6069   0.6106
   0.5950   0.6195   0.6630   0.6258   0.6242   0.6718   0.7168   0.6022   0.6101
   0.5947   0.6195   0.6614   0.6248   0.6225   0.6702   0.7156   0.5965   0.6100
   0.5942   0.6195   0.6598   0.6249   0.6230   0.6692   0.7140   0.5928   0.6096
   0.5934   0.6189   0.6577   0.6242   0.6223   0.6661   0.7084   0.5914   0.6091
   0.5923   0.6189   0.6572   0.6200   0.6220   0.6661   0.7026   0.5909   0.6084
   0.5905   0.6189   0.6569   0.6186   0.6209   0.6627   0.7009   0.5907   0.6072
   0.5896   0.6190   0.6563   0.6181   0.6189   0.6599   0.6993   0.5886   0.6065
   0.5888   0.6189   0.6554   0.6174   0.6178   0.6598   0.6959   0.5860   0.6051
   0.5876   0.6190   0.6551   0.6165   0.6142   0.6577   0.6951   0.5856   0.6036
   0.5868   0.6183   0.6546   0.6166   0.6097   0.6554   0.6942   0.5844   0.5997
   0.5857   0.6173   0.6525   0.6162   0.6053   0.6556   0.6922   0.5835   0.5928
   0.5852   0.6169   0.6504   0.6162   0.6017   0.6555   0.6902   0.5831   0.5883
   0.5843   0.6163   0.6485   0.6156   0.6011   0.6526   0.6896   0.5821   0.5859
   0.5832   0.6144   0.6447   0.6149   0.6011   0.6505   0.6872   0.5810   0.5840
   0.5828   0.6129   0.6428   0.6139   0.6011   0.6495   0.6850   0.5794   0.5821
   0.5825   0.6124   0.6411   0.6132   0.6006   0.6477   0.6813   0.5779   0.5808
   0.5819   0.6115   0.6385   0.6124   0.6006   0.6470   0.6799   0.5786   0.5795
   0.5811   0.6108   0.6372   0.6093   0.6000   0.6468   0.6770   0.5767   0.5781
   0.5801   0.6102   0.6366   0.6069   0.5980   0.6462   0.6731   0.5755   0.5774
   0.5777   0.6099   0.6361   0.6046   0.5966   0.6459   0.6712   0.5734   0.5752
   0.5743   0.6091   0.6337   0.6043   0.5956   0.6457   0.6683   0.5732   0.5731
   0.5742   0.6082   0.6316   0.6023   0.5944   0.6433   0.6641   0.5725   0.5708
   0.5731   0.6069   0.6297   0.6019   0.5937   0.6382   0.6597   0.5704   0.5681
   0.5723   0.6046   0.6286   0.6012   0.5927   0.6338   0.6592   0.5670   0.5632
   0.5713   0.6031   0.6281   0.5994   0.5918   0.6328   0.6579   0.5651   0.5612
   0.5712   0.6015   0.6266   0.5987   0.5904   0.6326   0.6578   0.5605   0.5584
   0.5709   0.6014   0.6250   0.5963   0.5893   0.6321   0.6575   0.5571   0.5561
   0.5700   0.6013   0.6241   0.5947   0.5873   0.6306   0.6573   0.5472   0.5548
   0.5661   0.6012   0.6231   0.5935   0.5858   0.6291   0.6567   0.5381   0.5532
   0.5646   0.6009   0.6228   0.5929   0.5855   0.6259   0.6562   0.5344   0.5463
   0.5628   0.6006   0.6216   0.5917   0.5849   0.6252   0.6555   0.5302   0.5406
   0.5615   0.5992   0.6200   0.5914   0.5831   0.6248   0.6549   0.5278   0.5385
   0.5611   0.5977   0.6188   0.5890   0.5816   0.6235   0.6544   0.5256   0.5364
   0.5604   0.5943   0.6179   0.5869   0.5802   0.6213   0.6543   0.5225   0.5361
   0.5601   0.5894   0.6172   0.5859   0.5798   0.6207   0.6536   0.5179   0.5359
   0.5596   0.5889   0.6156   0.5853   0.5792   0.6142   0.6510   0.5144   0.5349
   0.5593   0.5884   0.6142   0.5846   0.5791   0.6093   0.6503   0.5141   0.5343
   0.5589   0.5869   0.6124   0.5831   0.5788   0.6079   0.6498   0.5145   0.5341
   0.5584   0.5860   0.6103   0.5823   0.5784   0.6065   0.6494   0.5136   0.5338
   0.5581   0.5853   0.6085   0.5812   0.5781   0.6045   0.6490   0.5124   0.5341
   0.5571   0.5854   0.6077   0.5806   0.5784   0.6006   0.6488   0.5099   0.5341
   0.5565   0.5850   0.6071   0.5804   0.5781   0.5999   0.6480   0.5079   0.5336
   0.5559   0.5845   0.6062   0.5798   0.5776   0.6012   0.6469   0.5027   0.5310
   0.5557   0.5842   0.6051   0.5794   0.5772   0.6001   0.6463   0.5007   0.5299
   0.5548   0.5826   0.6049   0.5795   0.5763   0.5995   0.6456   0.5007   0.5296
   0.5533   0.5804   0.6025   0.5791   0.5759   0.5994   0.6449   0.5000   0.5291
   0.5498   0.5767   0.5992   0.5788   0.5756   0.5992   0.6423   0.4988   0.5270
   0.5447   0.5747   0.5978   0.5779   0.5750   0.5992   0.6401   0.4976   0.5244
   0.5434   0.5709   0.5961   0.5768   0.5740   0.5992   0.6395   0.4967   0.5217
   0.5436   0.5691   0.5927   0.5766   0.5738   0.5992   0.6369   0.4959   0.5187
   0.5437   0.5674   0.5906   0.5759   0.5732   0.5992   0.6309   0.4958   0.5131
   0.5433   0.5654   0.5895   0.5746   0.5718   0.5994   0.6274   0.4957   0.5128
   0.5429   0.5634   0.5863   0.5737   0.5712   0.5995   0.6237   0.4955   0.5120
   0.5425   0.5608   0.5852   0.5732   0.5706   0.5997   0.6224   0.4951   0.5120
   0.5422   0.5537   0.5842   0.5720   0.5684   0.5946   0.6200   0.4944   0.5108
   0.5391   0.5516   0.5827   0.5710   0.5663   0.5931   0.6190   0.4940   0.5086
   0.5370   0.5500   0.5823   0.5699   0.5647   0.5928   0.6175   0.4933   0.5049
   0.5360   0.5497   0.5813   0.5686   0.5619   0.5944   0.6144   0.4906   0.5011
   0.5357   0.5495   0.5802   0.5674   0.5587   0.5947   0.6122   0.4892   0.5012
   0.5356   0.5490   0.5787   0.5661   0.5580   0.5940   0.6110   0.4884   0.4996
   0.5352   0.5485   0.5743   0.5647   0.5577   0.5956   0.6091   0.4880   0.4982
   0.5350   0.5481   0.5738   0.5630   0.5570   0.5943   0.6087   0.4875   0.4986
   0.5348   0.5476   0.5731   0.5616   0.5526   0.5944   0.6072   0.4861   0.4988
   0.5345   0.5466   0.5721   0.5601   0.5510   0.5926   0.6033   0.4855   0.4944
   0.5338   0.5462   0.5711   0.5575   0.5471   0.5921   0.6006   0.4848   0.4912
   0.5320   0.5460   0.5703   0.5566   0.5466   0.5903   0.5996   0.4844   0.4901
   0.5300   0.5452   0.5697   0.5547   0.5462   0.5896   0.5980   0.4814   0.4895
   0.5289   0.5433   0.5694   0.5536   0.5455   0.5895   0.5932   0.4784   0.4897
   0.5291   0.5417   0.5690   0.5505   0.5449   0.5860   0.5911   0.4780   0.4890
   0.5287   0.5415   0.5678   0.5485   0.5442   0.5866   0.5911   0.4761   0.4879
   0.5284   0.5416   0.5669   0.5482   0.5408   0.5849   0.5906   0.4749   0.4874
   0.5268   0.5412   0.5659   0.5472   0.5385   0.5843   0.5879   0.4747   0.4867
   0.5242   0.5412   0.5644   0.5465   0.5363   0.5849   0.5874   0.4748   0.4859
   0.5216   0.5410   0.5596   0.5462   0.5359   0.5855   0.5875   0.4744   0.4847
   0.5202   0.5408   0.5559   0.5465   0.5357   0.5842   0.5877   0.4738   0.4827
   0.5199   0.5404   0.5553   0.5465   0.5357   0.5806   0.5879   0.4732   0.4813
   0.5197   0.5401   0.5548   0.5460   0.5355   0.5752   0.5872   0.4729   0.4805
   0.5195   0.5401   0.5544   0.5459   0.5340   0.5734   0.5864   0.4727   0.4803
   0.5193   0.5400   0.5536   0.5461   0.5324   0.5732   0.5829   0.4732   0.4797
   0.5192   0.5391   0.5535   0.5456   0.5317   0.5732   0.5816   0.4728   0.4794
   0.5178   0.5383   0.5533   0.5453   0.5312   0.5727   0.5808   0.4715   0.4793
   0.5166   0.5380   0.5532   0.5444   0.5309   0.5724   0.5796   0.4702   0.4786
   0.5158   0.5348   0.5529   0.5440   0.5292   0.5727   0.5785   0.4698   0.4776
   0.5153   0.5306   0.5529   0.5436   0.5263   0.5728   0.5766   0.4696   0.4772
   0.5142   0.5297   0.5522   0.5416   0.5245   0.5732   0.5760   0.4694   0.4755
   0.5132   0.5291   0.5495   0.5403   0.5244   0.5734   0.5750   0.4693   0.4754
   0.5128   0.5249   0.5474   0.5397   0.5238   0.5731   0.5729   0.4684   0.4749
   0.5114   0.5241   0.5468   0.5392   0.5237   0.5734   0.5716   0.4666   0.4746
   0.5107   0.5231   0.5461   0.5381   0.5236   0.5715   0.5705   0.4641   0.4745
   0.5097   0.5232   0.5434   0.5365   0.5236   0.5719   0.5697   0.4606   0.4746
   0.5090   0.5215   0.5419   0.5353   0.5230   0.5718   0.5695   0.4631   0.4733
   0.5078   0.5196   0.5411   0.5346   0.5227   0.5715   0.5692   0.4615   0.4722
   0.5073   0.5185   0.5404   0.5342   0.5228   0.5707   0.5690   0.4594   0.4715
   0.5060   0.5175   0.5397   0.5332   0.5226   0.5711   0.5685   0.4577   0.4704
   0.5032   0.5170   0.5372   0.5326   0.5225   0.5697   0.5681   0.4556   0.4689
   0.5005   0.5168   0.5350   0.5325   0.5224   0.5694   0.5671   0.4511   0.4670
   0.5001   0.5144   0.5344   0.5312   0.5220   0.5694   0.5662   0.4472   0.4664
   0.4997   0.5123   0.5328   0.5277   0.5217   0.5692   0.5656   0.4439   0.4640
   0.4991   0.5120   0.5321   0.5262   0.5209   0.5691   0.5644   0.4411   0.4619
   0.4984   0.5113   0.5317   0.5259   0.5187   0.5695   0.5626   0.4405   0.4553
   0.4969   0.5113   0.5317   0.5256   0.5110   0.5698   0.5562   0.4363   0.4513
   0.4967   0.5111   0.5301   0.5246   0.5089   0.5695   0.5576   0.4355   0.4484
   0.4952   0.5110   0.5262   0.5235   0.5086   0.5694   0.5598   0.4347   0.4458
   0.4942   0.5108   0.5231   0.5215   0.5080   0.5693   0.5597   0.4348   0.4429
   0.4917   0.5097   0.5227   0.5206   0.5067   0.5690   0.5583   0.4353   0.4405
   0.4906   0.5092   0.5215   0.5191   0.5084   0.5691   0.5533   0.4356   0.4376
   0.4900   0.5087   0.5207   0.5171   0.5084   0.5691   0.5531   0.4347   0.4367
   0.4895   0.5082   0.5198   0.5159   0.5064   0.5693   0.5513   0.4331   0.4357
   0.4888   0.5081   0.5189   0.5155   0.5061   0.5694   0.5491   0.4315   0.4324
   0.4863   0.5073   0.5178   0.5143   0.5059   0.5694   0.5461   0.4300   0.4293
   0.4847   0.5064   0.5162   0.5135   0.5053   0.5695   0.5456   0.4292   0.4288
   0.4832   0.5070   0.5153   0.5114   0.5060   0.5693   0.5447   0.4278   0.4276
   0.4815   0.5077   0.5144   0.5102   0.5058   0.5691   0.5440   0.4273   0.4263
   0.4812   0.5072   0.5136   0.5097   0.5061   0.5692   0.5416   0.4257   0.4249
   0.4807   0.5071   0.5121   0.5087   0.5056   0.5694   0.5418   0.4216   0.4238
   0.4792   0.5069   0.5112   0.5070   0.5046   0.5699   0.5412   0.4169   0.4235
   0.4784   0.5069   0.5098   0.5061   0.5042   0.5681   0.5407   0.4200   0.4229
   0.4768   0.5068   0.5088   0.5055   0.5008   0.5636   0.5410   0.4174   0.4223
   0.4751   0.5064   0.5082   0.5039   0.4982   0.5609   0.5425   0.4168   0.4222
   0.4738   0.5068   0.5079   0.5030   0.4970   0.5590   0.5423   0.4165   0.4210
   0.4725   0.5058   0.5075   0.5021   0.4964   0.5583   0.5424   0.4153   0.4200
   0.4717   0.5034   0.5059   0.5015   0.4951   0.5574   0.5431   0.4123   0.4185
   0.4716   0.5016   0.5032   0.5010   0.4951   0.5565   0.5428   0.4066   0.4165
   0.4714   0.5018   0.5008   0.4991   0.4947   0.5597   0.5416   0.4056   0.4147
   0.4714   0.5018   0.5000   0.4961   0.4943   0.5575   0.5412   0.4054   0.4142
   0.4712   0.5003   0.4997   0.4950   0.4941   0.5572   0.5398   0.4058   0.4132
   0.4710   0.4985   0.4996   0.4946   0.4937   0.5489   0.5376   0.4057   0.4131
   0.4703   0.4988   0.4994   0.4938   0.4928   0.5472   0.5372   0.4054   0.4130
   0.4701   0.4983   0.4986   0.4922   0.4905   0.5461   0.5352   0.4054   0.4124
   0.4698   0.4979   0.4969   0.4910   0.4899   0.5468   0.5338   0.4055   0.4120
   0.4698   0.4967   0.4938   0.4892   0.4892   0.5466   0.5338   0.4058   0.4112
   0.4687   0.4936   0.4933   0.4872   0.4892   0.5465   0.5289   0.4017   0.4103
   0.4683   0.4925   0.4928   0.4866   0.4893   0.5468   0.5246   0.4011   0.4092
   0.4683   0.4919   0.4920   0.4861   0.4892   0.5451   0.5235   0.4013   0.4087
   0.4683   0.4911   0.4910   0.4851   0.4890   0.5436   0.5220   0.4013   0.4086
   0.4680   0.4911   0.4895   0.4839   0.4887   0.5415   0.5158   0.4015   0.4084
   0.4678   0.4899   0.4886   0.4839   0.4889   0.5401   0.5110   0.4015   0.4076
   0.4674   0.4894   0.4877   0.4833   0.4887   0.5393   0.5110   0.4016   0.4074
   0.4672   0.4886   0.4873   0.4832   0.4885   0.5385   0.5092   0.4016   0.4073
   0.4667   0.4874   0.4866   0.4828   0.4886   0.5351   0.5078   0.3996   0.4074
   0.4663   0.4872   0.4860   0.4822   0.4883   0.5323   0.5054   0.4022   0.4074
   0.4655   0.4869   0.4853   0.4817   0.4866   0.5313   0.5016   0.4014   0.4074
   0.4652   0.4866   0.4843   0.4810   0.4850   0.5314   0.5009   0.3971   0.4064
   0.4650   0.4857   0.4839   0.4804   0.4851   0.5303   0.5004   0.3959   0.4058
   0.4652   0.4838   0.4840   0.4797   0.4852   0.5293   0.4990   0.3922   0.4055
   0.4652   0.4816   0.4831   0.4786   0.4852   0.5293   0.4969   0.3913   0.4038
   0.4652   0.4805   0.4821   0.4776   0.4850   0.5287   0.4949   0.3919   0.4016
   0.4648   0.4802   0.4808   0.4771   0.4839   0.5274   0.4941   0.3917   0.3995
   0.4643   0.4791   0.4777   0.4760   0.4825   0.5260   0.4930   0.3903   0.3986
   0.4640   0.4785   0.4764   0.4756   0.4817   0.5250   0.4921   0.3899   0.3980
   0.4638   0.4769   0.4756   0.4747   0.4815   0.5224   0.4867   0.3891   0.3961
   0.4627   0.4755   0.4751   0.4722   0.4792   0.5208   0.4837   0.3891   0.3948
   0.4626   0.4747   0.4748   0.4712   0.4785   0.5200   0.4827   0.3886   0.3944
   0.4625   0.4750   0.4745   0.4709   0.4770   0.5193   0.4820   0.3887   0.3935
   0.4622   0.4748   0.4740   0.4681   0.4757   0.5178   0.4792   0.3885   0.3933
   0.4618   0.4747   0.4738   0.4652   0.4752   0.5157   0.4749   0.3886   0.3928
   0.4607   0.4745   0.4733   0.4641   0.4746   0.5083   0.4711   0.3886   0.3922
   0.4604   0.4739   0.4722   0.4638   0.4725   0.5061   0.4698   0.3889   0.3922
   0.4598   0.4739   0.4691   0.4638   0.4698   0.5062   0.4691   0.3892   0.3918
   0.4590   0.4740   0.4679   0.4638   0.4680   0.5058   0.4686   0.3896   0.3911
   0.4581   0.4739   0.4672   0.4638   0.4673   0.5054   0.4681   0.3899   0.3906
   0.4577   0.4737   0.4647   0.4635   0.4671   0.5043   0.4668   0.3907   0.3894
   0.4574   0.4711   0.4637   0.4632   0.4669   0.5026   0.4656   0.3907   0.3883
   0.4571   0.4689   0.4637   0.4616   0.4653   0.5011   0.4642   0.3898   0.3869
   0.4561   0.4665   0.4634   0.4602   0.4649   0.5012   0.4625   0.3894   0.3860
   0.4556   0.4656   0.4632   0.4581   0.4645   0.5003   0.4598   0.3860   0.3841
   0.4547   0.4644   0.4629   0.4565   0.4636   0.4991   0.4562   0.3854   0.3822
   0.4537   0.4629   0.4626   0.4543   0.4626   0.4989   0.4543   0.3830   0.3824
   0.4531   0.4620   0.4619   0.4536   0.4612   0.4983   0.4530   0.3823   0.3819
   0.4524   0.4610   0.4611   0.4532   0.4602   0.4978   0.4515   0.3814   0.3816
   0.4518   0.4603   0.4607   0.4525   0.4593   0.4975   0.4498   0.3808   0.3810
   0.4507   0.4591   0.4604   0.4520   0.4588   0.4972   0.4470   0.3805   0.3789
   0.4495   0.4570   0.4600   0.4519   0.4574   0.4969   0.4452   0.3796   0.3752
   0.4487   0.4551   0.4597   0.4516   0.4561   0.4965   0.4456   0.3798   0.3735
   0.4480   0.4534   0.4591   0.4514   0.4551   0.4955   0.4454   0.3797   0.3731
   0.4477   0.4523   0.4588   0.4506   0.4550   0.4950   0.4437   0.3796   0.3725
   0.4471   0.4516   0.4584   0.4483   0.4536   0.4936   0.4415   0.3788   0.3722
   0.4462   0.4512   0.4582   0.4475   0.4528   0.4911   0.4417   0.3765   0.3722
   0.4451   0.4511   0.4575   0.4456   0.4524   0.4905   0.4401   0.3731   0.3721
   0.4432   0.4492   0.4563   0.4447   0.4516   0.4896   0.4394   0.3722   0.3721
   0.4421   0.4483   0.4548   0.4427   0.4511   0.4896   0.4394   0.3702   0.3715
   0.4414   0.4474   0.4499   0.4413   0.4510   0.4898   0.4396   0.3685   0.3714
   0.4405   0.4468   0.4492   0.4401   0.4504   0.4899   0.4386   0.3668   0.3714
   0.4404   0.4464   0.4481   0.4392   0.4495   0.4900   0.4377   0.3598   0.3712
   0.4398   0.4461   0.4480   0.4385   0.4455   0.4899   0.4374   0.3578   0.0000
   0.4394   0.4453   0.4478   0.4382   0.4423   0.4898   0.4368   0.3577   0.0000
   0.4390   0.4446   0.4471   0.4377   0.4411   0.4894   0.4362   0.3578   0.0000
   0.4376   0.4445   0.4466   0.4372   0.4406   0.4892   0.4345   0.3577   0.0000
   0.4366   0.4442   0.4462   0.4367   0.4405   0.4893   0.4334   0.3576   0.0000
   0.4356   0.4434   0.4449   0.4361   0.4405   0.4877   0.4316   0.3571   0.0000
   0.4346   0.4425   0.4432   0.4352   0.4403   0.4861   0.4271   0.3566   0.0000
   0.4328   0.4413   0.4409   0.4340   0.4398   0.4834   0.4256   0.3561   0.0000
   0.4322   0.4395   0.4399   0.4331   0.4394   0.4805   0.4255   0.3561   0.0000
   0.4305   0.4400   0.4394   0.4322   0.4395   0.4787   0.4243   0.3552   0.0000
   0.4285   0.4397   0.4376   0.4315   0.4391   0.4782   0.4205   0.3512   0.0000
   0.4270   0.4393   0.4372   0.4294   0.4388   0.4770   0.4211   0.3444   0.0000
   0.4256   0.4393   0.4365   0.4269   0.4388   0.4770   0.4172   0.3400   0.0000
   0.4240   0.4386   0.4359   0.4263   0.4384   0.4761   0.4133   0.3368   0.0000
   0.4231   0.4373   0.4335   0.4257   0.4383   0.4752   0.4108   0.3364   0.0000
   0.4222   0.4347   0.4314   0.4251   0.4384   0.4736   0.4102   0.3379   0.0000
   0.4211   0.4336   0.4303   0.4251   0.4384   0.4722   0.4088   0.3377   0.0000
   0.4205   0.4330   0.4298   0.4245   0.4383   0.4706   0.4068   0.3376   0.0000
   0.4200   0.4314   0.4282   0.4252   0.4380   0.4677   0.4053   0.3374   0.0000
   0.4185   0.4286   0.4259   0.4246   0.4380   0.4646   0.4027   0.3368   0.0000
   0.4172   0.4277   0.4219   0.4240   0.4359   0.4625   0.3990   0.3367   0.0000
   0.4163   0.4267   0.4210   0.4222   0.4348   0.4618   0.3958   0.3365   0.0000
   0.4160   0.4264   0.4203   0.4222   0.4344   0.4611   0.3946   0.3363   0.0000
   0.4157   0.4242   0.4205   0.4214   0.4338   0.4606   0.3931   0.3364   0.0000
   0.4137   0.4235   0.4202   0.4199   0.4337   0.4583   0.3895   0.3356   0.0000
   0.4126   0.4214   0.4181   0.4188   0.4337   0.4569   0.3857   0.3355   0.0000
   0.4126   0.4190   0.4160   0.4170   0.4333   0.4563   0.3846   0.3355   0.0000
   0.4122   0.4165   0.4155   0.4166   0.4333   0.4560   0.3845   0.3359   0.0000
   0.4109   0.4152   0.4150   0.4165   0.4330   0.4560   0.3843   0.3360   0.0000
   0.4098   0.4134   0.4146   0.4162   0.4327   0.4546   0.3842   0.3368   0.0000
   0.4096   0.4125   0.4145   0.4160   0.4317   0.4538   0.3839   0.3375   0.0000
   0.4092   0.4132   0.4147   0.4158   0.4306   0.4537   0.3837   0.3373   0.0000
   0.4077   0.4134   0.4147   0.4155   0.4281   0.4538   0.3828   0.3371   0.0000
   0.4073   0.4130   0.4142   0.4139   0.4236   0.4536   0.3820   0.3372   0.0000
   0.4070   0.4129   0.4131   0.4131   0.4230   0.4529   0.3815   0.3373   0.0000
   0.4054   0.4131   0.4130   0.4132   0.4225   0.4524   0.3804   0.3372   0.0000
   0.4050   0.4127   0.4130   0.4130   0.4220   0.4521   0.3799   0.3371   0.0000
   0.4040   0.4119   0.4129   0.4126   0.4204   0.4516   0.3796   0.3369   0.0000
   0.4036   0.4115   0.4127   0.4119   0.4191   0.4510   0.3777   0.3365   0.0000
   0.4032   0.4114   0.4127   0.4092   0.4181   0.4506   0.3766   0.3365   0.0000
   0.4024   0.4113   0.4119   0.4042   0.4172   0.4503   0.3765   0.3366   0.0000
   0.4005   0.4111   0.4110   0.4014   0.4157   0.4501   0.3756   0.3367   0.0000
   0.3982   0.4114   0.4091   0.4010   0.4133   0.4500   0.3749   0.3367   0.0000
   0.3972   0.4109   0.4088   0.4003   0.4119   0.4499   0.3743   0.3358   0.0000
   0.3968   0.4088   0.4086   0.3998   0.4114   0.4498   0.3725   0.3327   0.0000
   0.3962   0.4084   0.4086   0.3988   0.4114   0.4495   0.3700   0.3307   0.0000
   0.3955   0.4080   0.4084   0.3984   0.4108   0.4495   0.3661   0.3291   0.0000
   0.3944   0.4083   0.4084   0.3981   0.4103   0.4482   0.3672   0.3267   0.0000
   0.3935   0.4070   0.4084   0.3975   0.4099   0.4473   0.3646   0.3240   0.0000
   0.3929   0.4036   0.4086   0.3957   0.4094   0.4464   0.3636   0.3215   0.0000
   0.3923   0.4021   0.4086   0.3950   0.4085   0.4457   0.3651   0.3213   0.0000
   0.3921   0.4004   0.4084   0.3942   0.4080   0.4450   0.3653   0.3199   0.0000
   0.3918   0.3997   0.4072   0.3935   0.4076   0.4444   0.3652   0.3193   0.0000
   0.3914   0.3991   0.4051   0.3922   0.4071   0.4423   0.3631   0.3191   0.0000
   0.3908   0.3971   0.4039   0.3915   0.4068   0.4396   0.3613   0.3182   0.0000
   0.3897   0.3896   0.4032   0.3907   0.4052   0.4390   0.3613   0.3184   0.0000
   0.3884   0.3883   0.4030   0.3901   0.4052   0.4385   0.3613   0.3184   0.0000
   0.3867   0.3880   0.4027   0.3904   0.4054   0.4380   0.3603   0.3190   0.0000
   0.3844   0.3875   0.4023   0.3904   0.4052   0.4375   0.3590   0.3183   0.0000
   0.3839   0.3867   0.4007   0.3901   0.4053   0.4374   0.3590   0.3172   0.0000
   0.3834   0.3860   0.3978   0.3893   0.4048   0.4372   0.3588   0.3169   0.0000
   0.3830   0.3861   0.3961   0.3892   0.4036   0.4373   0.3586   0.3165   0.0000
   0.3826   0.3860   0.3950   0.3888   0.4025   0.4368   0.3575   0.3158   0.0000
   0.3823   0.3858   0.3915   0.3877   0.3966   0.4368   0.3575   0.3156   0.0000
   0.3817   0.3858   0.3902   0.3863   0.3937   0.4357   0.3576   0.3147   0.0000
   0.3806   0.3857   0.3893   0.3852   0.3937   0.4358   0.3577   0.3142   0.0000
   0.3794   0.3849   0.3892   0.3847   0.3936   0.4357   0.3575   0.3135   0.0000
   0.3788   0.3850   0.3882   0.3842   0.3924   0.4355   0.3573   0.3126   0.0000
   0.3786   0.3842   0.3879   0.3839   0.3926   0.4354   0.3570   0.3119   0.0000
   0.3783   0.3835   0.3877   0.3830   0.3918   0.4353   0.3570   0.3115   0.0000
   0.3774   0.3818   0.3875   0.3824   0.3915   0.4349   0.3570   0.3115   0.0000
   0.3773   0.3792   0.3870   0.3815   0.3915   0.4348   0.3572   0.3116   0.0000
   0.3767   0.3775   0.3862   0.3816   0.3914   0.4342   0.3573   0.3108   0.0000
   0.3756   0.3752   0.3850   0.3816   0.3914   0.4341   0.3574   0.3095   0.0000
   0.3729   0.3749   0.3839   0.3817   0.3913   0.4332   0.3572   0.3070   0.0000
   0.3719   0.3745   0.3830   0.3817   0.3911   0.4334   0.3571   0.3060   0.0000
   0.3716   0.3743   0.3797   0.3814   0.3909   0.4331   0.3570   0.3058   0.0000
   0.3706   0.3739   0.3774   0.3812   0.3901   0.4322   0.3569   0.3062   0.0000
   0.3696   0.3737   0.3777   0.3814   0.3888   0.4295   0.3565   0.3061   0.0000
   0.3679   0.3728   0.3774   0.3810   0.3853   0.4287   0.3567   0.3055   0.0000
   0.3676   0.3723   0.3767   0.3807   0.3818   0.4267   0.3562   0.3058   0.0000
   0.3672   0.3722   0.3764   0.3804   0.3803   0.4262   0.3557   0.3059   0.0000
   0.3656   0.3712   0.3757   0.3791   0.3796   0.4258   0.3554   0.3058   0.0000
   0.3649   0.3703   0.3754   0.3781   0.3783   0.4256   0.3553   0.3054   0.0000
   0.3644   0.3697   0.3751   0.3777   0.3777   0.4254   0.3553   0.3054   0.0000
   0.3637   0.3700   0.3742   0.3774   0.3774   0.4249   0.3552   0.3051   0.0000
   0.3635   0.3692   0.3738   0.3774   0.3765   0.4248   0.3552   0.3050   0.0000
   0.3624   0.3684   0.3737   0.3766   0.3762   0.4242   0.3529   0.3037   0.0000
   0.3598   0.3684   0.3735   0.3756   0.3764   0.4240   0.3484   0.3029   0.0000
   0.3575   0.3681   0.3726   0.3735   0.3761   0.4236   0.3475   0.3026   0.0000
   0.3557   0.3677   0.3716   0.3701   0.3754   0.4228   0.3470   0.3029   0.0000
   0.3548   0.3678   0.3711   0.3696   0.3748   0.4219   0.3462   0.3028   0.0000
   0.3532   0.3677   0.3699   0.3691   0.3748   0.4218   0.3460   0.3030   0.0000
   0.3513   0.3678   0.3694   0.3685   0.3740   0.4216   0.3450   0.3020   0.0000
   0.3494   0.3677   0.3691   0.3680   0.3725   0.4215   0.3439   0.2949   0.0000
   0.3487   0.3673   0.3692   0.3660   0.3712   0.4211   0.3436   0.2934   0.0000
   0.3485   0.3661   0.3685   0.3651   0.3708   0.4208   0.3432   0.2935   0.0000
   0.3485   0.3654   0.3683   0.3649   0.3705   0.4204   0.3425   0.2933   0.0000
   0.3485   0.3643   0.3679   0.3640   0.3703   0.4202   0.3431   0.2932   0.0000
   0.3485   0.3632   0.3674   0.3631   0.3698   0.4200   0.3414   0.2939   0.0000
   0.3485   0.3628   0.3655   0.3623   0.3697   0.4197   0.3383   0.2942   0.0000
   0.3485   0.3628   0.3636   0.3623   0.3694   0.4195   0.3355   0.2943   0.0000
   0.3481   0.3625   0.3620   0.3617   0.3692   0.4192   0.3331   0.2957   0.0000
   0.3479   0.3602   0.3608   0.3613   0.3677   0.4189   0.3326   0.2951   0.0000
   0.3477   0.3594   0.3604   0.3608   0.3664   0.4183   0.3310   0.2950   0.0000
   0.3473   0.3587   0.3598   0.3603   0.3653   0.4180   0.3300   0.2954   0.0000
   0.3461   0.3570   0.3589   0.3604   0.3649   0.4179   0.3290   0.2958   0.0000
   0.3450   0.3550   0.3550   0.3604   0.3652   0.4179   0.3292   0.0000   0.0000
   0.3436   0.3549   0.3530   0.3596   0.3652   0.4178   0.3286   0.0000   0.0000
   0.3421   0.3546   0.3525   0.3592   0.3648   0.4173   0.3276   0.0000   0.0000
   0.3409   0.3539   0.3523   0.3584   0.3645   0.4152   0.3276   0.0000   0.0000
   0.3402   0.3522   0.3520   0.3577   0.3639   0.4113   0.3275   0.0000   0.0000
   0.3398   0.3523   0.3516   0.3571   0.3631   0.4106   0.3269   0.0000   0.0000
   0.3391   0.3524   0.3515   0.3563   0.3627   0.4104   0.3264   0.0000   0.0000
   0.3386   0.3512   0.3515   0.3558   0.3618   0.4099   0.3256   0.0000   0.0000
   0.3372   0.3494   0.3511   0.3550   0.3604   0.4092   0.3252   0.0000   0.0000
   0.3370   0.3489   0.3506   0.3536   0.3579   0.4074   0.3250   0.0000   0.0000
   0.3366   0.3482   0.3505   0.3530   0.3571   0.4064   0.3245   0.0000   0.0000
   0.3365   0.3478   0.3503   0.3522   0.3562   0.4057   0.3242   0.0000   0.0000
   0.3358   0.3474   0.3498   0.3522   0.3557   0.4021   0.3240   0.0000   0.0000
   0.3356   0.3461   0.3487   0.3522   0.3552   0.4003   0.3237   0.0000   0.0000
   0.3352   0.3450   0.3482   0.3523   0.3553   0.3984   0.3234   0.0000   0.0000
   0.3352   0.3425   0.3481   0.3522   0.3549   0.3979   0.3228   0.0000   0.0000
   0.3349   0.3412   0.3479   0.3513   0.3545   0.3978   0.3228   0.0000   0.0000
   0.3345   0.3402   0.3480   0.3499   0.3540   0.3977   0.3228   0.0000   0.0000
   0.3342   0.3399   0.3479   0.3480   0.3535   0.3974   0.3227   0.0000   0.0000
   0.3340   0.3389   0.3476   0.3470   0.3531   0.3964   0.3228   0.0000   0.0000
   0.3338   0.3380   0.3468   0.3467   0.3515   0.3964   0.3222   0.0000   0.0000
   0.3336   0.3367   0.3461   0.3464   0.3512   0.3962   0.3223   0.0000   0.0000
   0.3329   0.3360   0.3445   0.3458   0.3510   0.3961   0.3223   0.0000   0.0000
   0.3319   0.3358   0.3440   0.3446   0.3501   0.3960   0.3221   0.0000   0.0000
   0.3314   0.3352   0.3437   0.3434   0.3497   0.3958   0.3215   0.0000   0.0000
   0.3312   0.3350   0.3436   0.3427   0.3496   0.3959   0.3214   0.0000   0.0000
   0.3309   0.3352   0.3433   0.3420   0.3493   0.3941   0.3211   0.0000   0.0000
   0.3305   0.3343   0.3433   0.3407   0.3492   0.3922   0.3213   0.0000   0.0000
   0.3309   0.3338   0.3433   0.3401   0.3487   0.3914   0.3218   0.0000   0.0000
   0.3307   0.3330   0.3433   0.3398   0.3484   0.3910   0.3217   0.0000   0.0000
   0.3312   0.3324   0.3433   0.3396   0.3481   0.3902   0.3215   0.0000   0.0000
   0.3311   0.3320   0.3435   0.3392   0.3471   0.3896   0.3213   0.0000   0.0000
   0.3308   0.3310   0.3433   0.3392   0.3467   0.3892   0.3209   0.0000   0.0000
   0.3308   0.3296   0.3431   0.3391   0.3459   0.3887   0.3195   0.0000   0.0000
   0.3307   0.3295   0.3432   0.3388   0.3447   0.3885   0.3188   0.0000   0.0000
   0.3307   0.3287   0.3432   0.3377   0.3444   0.3876   0.3184   0.0000   0.0000
   0.3303   0.3280   0.3425   0.3369   0.3441   0.3847   0.3184   0.0000   0.0000
   0.3290   0.3278   0.3421   0.3367   0.3439   0.3836   0.3178   0.0000   0.0000
   0.3267   0.3268   0.3417   0.3357   0.3433   0.3831   0.3173   0.0000   0.0000
   0.3259   0.3253   0.3412   0.3346   0.3430   0.3829   0.3174   0.0000   0.0000
   0.3253   0.3241   0.3408   0.3333   0.3424   0.3829   0.3173   0.0000   0.0000
   0.3247   0.3235   0.3407   0.3325   0.3407   0.3822   0.3173   0.0000   0.0000
   0.3245   0.3230   0.3404   0.3325   0.3405   0.3806   0.3174   0.0000   0.0000
   0.3244   0.3208   0.3400   0.3319   0.3402   0.3800   0.3171   0.0000   0.0000
   0.3243   0.3206   0.3399   0.3316   0.3403   0.3781   0.3170   0.0000   0.0000
   0.3237   0.3200   0.3402   0.3316   0.3405   0.3763   0.3171   0.0000   0.0000
   0.3224   0.3191   0.3399   0.3316   0.3395   0.3769   0.3172   0.0000   0.0000
   0.3213   0.3187   0.3397   0.3312   0.3380   0.3746   0.3172   0.0000   0.0000
   0.3205   0.3183   0.3392   0.3312   0.3376   0.3716   0.3170   0.0000   0.0000
   0.3197   0.3176   0.3391   0.3308   0.3377   0.3670   0.3169   0.0000   0.0000
   0.3190   0.3175   0.3389   0.3290   0.3374   0.3655   0.3168   0.0000   0.0000
   0.3185   0.3174   0.3386   0.3277   0.3368   0.3627   0.3163   0.0000   0.0000
   0.3182   0.3172   0.3381   0.3275   0.3369   0.3615   0.3163   0.0000   0.0000
   0.3176   0.3159   0.3379   0.3268   0.3366   0.3611   0.3162   0.0000   0.0000
   0.3172   0.3151   0.3367   0.3265   0.3362   0.3602   0.3163   0.0000   0.0000
   0.3168   0.3141   0.3352   0.3252   0.3345   0.3599   0.3163   0.0000   0.0000
   0.3162   0.3137   0.3342   0.3246   0.3332   0.3596   0.3164   0.0000   0.0000
   0.3157   0.3137   0.3321   0.3243   0.3331   0.3595   0.3164   0.0000   0.0000
   0.3151   0.3134   0.3317   0.3241   0.3324   0.3594   0.3166   0.0000   0.0000
   0.3146   0.3130   0.3317   0.3238   0.3325   0.3593   0.3163   0.0000   0.0000
   0.3138   0.3128   0.3316   0.3237   0.3324   0.3592   0.3159   0.0000   0.0000
   0.3126   0.3129   0.3314   0.3236   0.3325   0.3591   0.3150   0.0000   0.0000
   0.3117   0.3125   0.3307   0.3237   0.3330   0.3588   0.3157   0.0000   0.0000
   0.3115   0.3125   0.3302   0.3236   0.3324   0.3589   0.3153   0.0000   0.0000
   0.3113   0.3123   0.3301   0.3236   0.3306   0.3588   0.3149   0.0000   0.0000
   0.3109   0.3118   0.3290   0.3234   0.3286   0.3585   0.3150   0.0000   0.0000
   0.3106   0.3115   0.3288   0.3228   0.3270   0.3584   0.3145   0.0000   0.0000
   0.3102   0.3105   0.3289   0.3222   0.3259   0.3584   0.3140   0.0000   0.0000
   0.3086   0.3099   0.3288   0.3218   0.3252   0.3582   0.3138   0.0000   0.0000
   0.3070   0.3092   0.3282   0.3215   0.3234   0.3581   0.3137   0.0000   0.0000
   0.3064   0.3090   0.3277   0.3213   0.3208   0.3580   0.3135   0.0000   0.0000
   0.3054   0.3089   0.3276   0.3208   0.3177   0.3580   0.3135   0.0000   0.0000
   0.3046   0.3083   0.3276   0.3200   0.3164   0.3580   0.3135   0.0000   0.0000
   0.3023   0.3076   0.3272   0.3190   0.3156   0.3579   0.3136   0.0000   0.0000
   0.3016   0.3063   0.3271   0.3189   0.3154   0.3572   0.3131   0.0000   0.0000
   0.3013   0.3052   0.3270   0.3190   0.3148   0.3568   0.3130   0.0000   0.0000
   0.3008   0.3032   0.3264   0.3186   0.3142   0.3564   0.3130   0.0000   0.0000
   0.3008   0.3015   0.3260   0.3184   0.3108   0.3562   0.3131   0.0000   0.0000
   0.3002   0.3011   0.3259   0.3183   0.3076   0.3560   0.3135   0.0000   0.0000
   0.2998   0.3011   0.3259   0.3184   0.3055   0.3554   0.3132   0.0000   0.0000
   0.2991   0.3009   0.3256   0.3183   0.3050   0.3537   0.3128   0.0000   0.0000
   0.2990   0.3006   0.3257   0.3171   0.3037   0.3503   0.3125   0.0000   0.0000
   0.2987   0.3004   0.3254   0.3163   0.3026   0.3490   0.3124   0.0000   0.0000
   0.2986   0.3001   0.3255   0.3157   0.3025   0.3478   0.3121   0.0000   0.0000
   0.2980   0.3001   0.3254   0.3155   0.3019   0.3449   0.3112   0.0000   0.0000
   0.2979   0.3000   0.3251   0.3140   0.3016   0.3433   0.3107   0.0000   0.0000
   0.2971   0.3000   0.3246   0.3123   0.3014   0.3419   0.3106   0.0000   0.0000
   0.2956   0.2996   0.3241   0.3110   0.3008   0.3405   0.3106   0.0000   0.0000
   0.2948   0.2996   0.3226   0.3108   0.3007   0.3397   0.3104   0.0000   0.0000
   0.2936   0.2995   0.3226   0.3101   0.3009   0.3385   0.3101   0.0000   0.0000
   0.2933   0.2995   0.3224   0.3092   0.3012   0.3359   0.3099   0.0000   0.0000
   0.2931   0.2993   0.3224   0.3084   0.3011   0.3341   0.3096   0.0000   0.0000
   0.2930   0.2994   0.3220   0.3079   0.3008   0.3324   0.3092   0.0000   0.0000
   0.2918   0.2993   0.3216   0.3075   0.2990   0.3318   0.3095   0.0000   0.0000
   0.2916   0.2993   0.3212   0.3072   0.2982   0.3309   0.3092   0.0000   0.0000
   0.2907   0.2992   0.3210   0.3071   0.2977   0.3296   0.3096   0.0000   0.0000
   0.2901   0.2991   0.3210   0.3074   0.2970   0.3259   0.3087   0.0000   0.0000
   0.2897   0.2982   0.3208   0.3069   0.2978   0.3238   0.3069   0.0000   0.0000
   0.2895   0.2997   0.3206   0.3063   0.2976   0.3228   0.3065   0.0000   0.0000
   0.2892   0.2997   0.3201   0.3057   0.2975   0.3243   0.3063   0.0000   0.0000
   0.2887   0.2986   0.3195   0.3051   0.2975   0.3225   0.3061   0.0000   0.0000
   0.2886   0.2978   0.3179   0.3046   0.2971   0.3229   0.3062   0.0000   0.0000
   0.2882   0.2971   0.3174   0.3045   0.2970   0.3237   0.3061   0.0000   0.0000
   0.2872   0.2959   0.3167   0.3041   0.2966   0.3239   0.3054   0.0000   0.0000
   0.2867   0.2946   0.3162   0.3035   0.2963   0.3218   0.3047   0.0000   0.0000
   0.2866   0.2938   0.3160   0.3025   0.2967   0.3225   0.3049   0.0000   0.0000
   0.2862   0.2927   0.3154   0.3014   0.2963   0.3218   0.3048   0.0000   0.0000
   0.2860   0.2922   0.3152   0.3002   0.2958   0.3211   0.3048   0.0000   0.0000
   0.2848   0.2919   0.3152   0.2995   0.2960   0.3212   0.3046   0.0000   0.0000
   0.2847   0.2913   0.3150   0.2988   0.2964   0.3210   0.3042   0.0000   0.0000
   0.2844   0.2908   0.3150   0.2977   0.2962   0.3211   0.3042   0.0000   0.0000
   0.2841   0.2903   0.3145   0.2965   0.2960   0.3213   0.3019   0.0000   0.0000
   0.2838   0.2901   0.3141   0.2961   0.2959   0.3217   0.2988   0.0000   0.0000
   0.2837   0.2897   0.3140   0.2960   0.2960   0.3217   0.2956   0.0000   0.0000
   0.2830   0.2896   0.3134   0.2958   0.2956   0.3194   0.2954   0.0000   0.0000
   0.2823   0.2892   0.3130   0.2957   0.2956   0.3153   0.2953   0.0000   0.0000
   0.2816   0.2891   0.3121   0.2955   0.2956   0.3149   0.2952   0.0000   0.0000
   0.2816   0.2890   0.3095   0.2951   0.2957   0.3145   0.2950   0.0000   0.0000
   0.2813   0.2890   0.3082   0.2947   0.2957   0.3129   0.2930   0.0000   0.0000
   0.2811   0.2888   0.3075   0.2948   0.2959   0.3116   0.2910   0.0000   0.0000
   0.2805   0.2886   0.3070   0.2943   0.2963   0.3101   0.2902   0.0000   0.0000
   0.2803   0.2887   0.3066   0.2915   0.2962   0.3094   0.2892   0.0000   0.0000
   0.2800   0.2886   0.3063   0.2902   0.2962   0.3097   0.2884   0.0000   0.0000
   0.2799   0.2884   0.3063   0.2900   0.2961   0.3092   0.2877   0.0000   0.0000
   0.2796   0.2882   0.3060   0.2894   0.2964   0.3098   0.2875   0.0000   0.0000
   0.2794   0.2882   0.3059   0.2891   0.2959   0.3096   0.2875   0.0000   0.0000
   0.2786   0.2876   0.3058   0.2891   0.2957   0.3090   0.2866   0.0000   0.0000
   0.2778   0.2869   0.3057   0.2893   0.2953   0.3085   0.2863   0.0000   0.0000
   0.2771   0.2853   0.3057   0.2891   0.2954   0.3077   0.2860   0.0000   0.0000
   0.2766   0.2849   0.3056   0.2891   0.2953   0.3065   0.2855   0.0000   0.0000
   0.2763   0.2847   0.3056   0.2889   0.2954   0.3065   0.2851   0.0000   0.0000
   0.2761   0.2845   0.3053   0.2889   0.2952   0.3064   0.2845   0.0000   0.0000
   0.2759   0.2839   0.3052   0.2885   0.2952   0.3062   0.2836   0.0000   0.0000
   0.2759   0.2836   0.3051   0.2879   0.2945   0.3061   0.2818   0.0000   0.0000
   0.2756   0.2834   0.3050   0.2872   0.2932   0.3064   0.2802   0.0000   0.0000
   0.2753   0.2831   0.3050   0.2863   0.2924   0.3058   0.2794   0.0000   0.0000
   0.2753   0.2827   0.3049   0.2856   0.2917   0.3060   0.2791   0.0000   0.0000
   0.2752   0.2826   0.3048   0.2854   0.2912   0.3061   0.2784   0.0000   0.0000
   0.2751   0.2825   0.3048   0.2852   0.2908   0.3059   0.2784   0.0000   0.0000
   0.2748   0.2823   0.3046   0.2844   0.2903   0.3059   0.2778   0.0000   0.0000
   0.2747   0.2817   0.3046   0.2830   0.2900   0.3058   0.2778   0.0000   0.0000
   0.2741   0.2815   0.3045   0.2824   0.2897   0.3061   0.2777   0.0000   0.0000
   0.2739   0.2812   0.3045   0.2823   0.2893   0.3061   0.2774   0.0000   0.0000
   0.2736   0.2810   0.3045   0.2824   0.2887   0.3060   0.2768   0.0000   0.0000
   0.2736   0.2803   0.3045   0.2812   0.2884   0.3060   0.2770   0.0000   0.0000
   0.2727   0.2799   0.3044   0.2807   0.2882   0.3059   0.2769   0.0000   0.0000
   0.2725   0.2798   0.3043   0.2803   0.2878   0.3058   0.2767   0.0000   0.0000
   0.2719   0.2794   0.3044   0.2801   0.2870   0.3057   0.2765   0.0000   0.0000
   0.2712   0.2791   0.3043   0.2797   0.2866   0.3056   0.2765   0.0000   0.0000
   0.2706   0.2788   0.3044   0.2787   0.2855   0.3055   0.2768   0.0000   0.0000
   0.2699   0.2785   0.3043   0.2785   0.2841   0.3055   0.2768   0.0000   0.0000
   0.2698   0.2781   0.3042   0.2782   0.2833   0.3055   0.2764   0.0000   0.0000
   0.2691   0.2777   0.3041   0.2775   0.2809   0.3057   0.2765   0.0000   0.0000
   0.2679   0.2777   0.3039   0.2771   0.2783   0.3056   0.2763   0.0000   0.0000
   0.2674   0.2776   0.3039   0.2770   0.2763   0.3056   0.2757   0.0000   0.0000
   0.2670   0.2776   0.3035   0.2770   0.2759   0.3057   0.2759   0.0000   0.0000
   0.2664   0.2774   0.3035   0.2769   0.2757   0.3058   0.2756   0.0000   0.0000
   0.2660   0.2773   0.3033   0.2764   0.2749   0.3057   0.2756   0.0000   0.0000
   0.2659   0.2773   0.3015   0.2763   0.2749   0.3058   0.2751   0.0000   0.0000
   0.2657   0.2770   0.2997   0.2752   0.2742   0.3057   0.2749   0.0000   0.0000
   0.2653   0.2769   0.2988   0.2736   0.2739   0.3057   0.2751   0.0000   0.0000
   0.2652   0.2767   0.2984   0.2733   0.2738   0.3057   0.2752   0.0000   0.0000
   0.2652   0.2768   0.2967   0.2718   0.2735   0.3058   0.2751   0.0000   0.0000
   0.2648   0.2766   0.2948   0.2713   0.2732   0.3059   0.2746   0.0000   0.0000
   0.2648   0.2764   0.2936   0.2711   0.2731   0.3058   0.2743   0.0000   0.0000
   0.2648   0.2761   0.2910   0.2709   0.2731   0.3058   0.2742   0.0000   0.0000
   0.2643   0.2757   0.2899   0.2707   0.2730   0.3057   0.2741   0.0000   0.0000
   0.2637   0.2747   0.2901   0.2704   0.2731   0.3057   0.2740   0.0000   0.0000
   0.2637   0.2737   0.2897   0.2702   0.2733   0.3055   0.2741   0.0000   0.0000
   0.2635   0.2735   0.2897   0.2701   0.2735   0.3057   0.2729   0.0000   0.0000
   0.2632   0.2735   0.2896   0.2698   0.2734   0.3053   0.2725   0.0000   0.0000
   0.2628   0.2732   0.2892   0.2697   0.2729   0.3041   0.2719   0.0000   0.0000
   0.2624   0.2729   0.2886   0.2691   0.2729   0.3034   0.2712   0.0000   0.0000
   0.2623   0.2728   0.2871   0.2679   0.2726   0.3019   0.2711   0.0000   0.0000
   0.2620   0.2727   0.2851   0.2669   0.2726   0.3010   0.2709   0.0000   0.0000
   0.2619   0.2724   0.2844   0.2666   0.2725   0.2997   0.2698   0.0000   0.0000
   0.2618   0.2721   0.2827   0.2665   0.2724   0.2990   0.2698   0.0000   0.0000
   0.2618   0.2717   0.2820   0.2664   0.2725   0.2968   0.2695   0.0000   0.0000
   0.2613   0.2716   0.2818   0.2657   0.2723   0.2968   0.2688   0.0000   0.0000
   0.2608   0.2712   0.2818   0.2657   0.2709   0.2961   0.2691   0.0000   0.0000
   0.2598   0.2712   0.2818   0.2660   0.2701   0.2951   0.2684   0.0000   0.0000
   0.2589   0.2714   0.2817   0.2657   0.2701   0.2946   0.2675   0.0000   0.0000
   0.2582   0.2710   0.2817   0.2650   0.2700   0.2930   0.2671   0.0000   0.0000
   0.2576   0.2710   0.2817   0.2647   0.2700   0.2924   0.2663   0.0000   0.0000
   0.2571   0.2710   0.2817   0.2647   0.2696   0.2922   0.2661   0.0000   0.0000
   0.2566   0.2711   0.2815   0.2642   0.2694   0.2920   0.2659   0.0000   0.0000
   0.2562   0.2709   0.2810   0.2640   0.2690   0.2921   0.2664   0.0000   0.0000
   0.2561   0.2707   0.2808   0.2630   0.2690   0.2920   0.2651   0.0000   0.0000
   0.2557   0.2705   0.2809   0.2626   0.2684   0.2920   0.2644   0.0000   0.0000
