   0.0000   0.0000   0.0000   8.2112  12.5709  12.0597  11.6484  12.0370  12.3188
   0.0000   0.0000   0.0000   8.2063  12.5625  12.0528  11.6383  12.0304  12.1983
   0.0000   0.0000   0.0000   8.2001  12.5730  12.0360  11.6070  12.0212  12.0887
   0.0000   0.0000   0.0000   8.1584  12.5494  12.0158  11.5908  12.0033  12.0321
   0.0000   0.0000   0.0000   8.1077  12.5141  11.9953  11.5772  11.9857  11.9986
   0.0000   0.0000   0.0000   8.0485  12.4800  11.9845  11.5619  11.9710  11.9719
   0.0000   0.0000   0.0000   7.9809  12.4538  11.9707  11.5500  11.9602  11.9577
   0.0000   0.0000   0.0000   7.8988  12.4074  11.9459  11.5398  11.9517  11.9437
   0.0000   0.0000   0.0000   7.8092  12.2705  11.9139  11.5230  11.9419  11.9198
   0.0000   0.0000   0.0000   7.7195  12.1590  11.8812  11.4948  11.9165  11.8732
   0.0000   0.0000   0.0000   7.6158  12.0617  11.8553  11.4704  11.8507  11.7996
   0.0000   0.0000   0.0000   7.4741  11.9904  11.8384  11.4520  11.7707  11.6997
   0.0000   0.0000   0.0000   7.3012  11.9535  11.8152  11.4400  11.7163  11.6107
   0.0000   0.0000   0.0000   7.0425  11.9145  11.7954  11.4182  11.6483  11.5318
   0.0000   0.0000   0.0000   6.6159  11.8632  11.7849  11.3807  11.5749  11.4552
   0.0000   0.0000   0.0000   6.2683  11.8358  11.7754  11.3432  11.4841  11.3827
   0.0000   0.0000   0.0000   5.9570  11.8111  11.7658  11.2669  11.3469  11.3043
   0.0000   0.0000   0.0000   5.6787  11.7629  11.7528  11.0828  11.1547  11.1919
   0.0000   0.0000   0.0000   5.2961  11.7326  11.7190  10.7807  10.9169  11.0216
   0.0000   0.0000   0.0000   4.9547  11.7052  11.6621  10.5234  10.6891  10.8659
   0.0000   0.0000   0.0000   4.6917  11.6765  11.5618  10.3676  10.5061  10.7561
   0.0000   0.0000   0.0000   4.4597  11.6528  11.3642  10.2048  10.3954  10.6838
   0.0000   0.0000   0.0000   4.1082  11.6150  11.0806  10.1112  10.3368  10.6429
   0.0000   0.0000   0.0000   3.9575  11.5423  10.8359  10.0627  10.3269  10.6317
   0.0000   0.0000   0.0000   3.8748  11.3783  10.6102   9.9624  10.3501  10.6169
   0.0000   0.0000   0.0000   3.8103  11.2104  10.3907   9.8720  10.3849  10.5951
   0.0000   0.0000   0.0000   3.7173  10.9811  10.2941   9.8269  10.3995  10.5684
   0.0000   0.0000   0.0000   3.6436  10.6085  10.2379   9.7873  10.3991  10.5290
   0.0000   0.0000   0.0000   3.6020  10.2691  10.1920   9.7625  10.3888  10.4758
   0.0000   0.0000   0.0000   3.5811  10.0153  10.1381   9.7425  10.3757  10.4175
   0.0000   0.0000   0.0000   3.5580   9.8040  10.0823   9.7335  10.3589  10.3525
   0.0000   0.0000   0.0000   3.5398   9.7102  10.0172   9.7292  10.3364  10.2833
   0.0000   0.0000   0.0000   3.5292   9.6729   9.9520   9.7225  10.3096  10.2065
   0.0000   0.0000   0.0000   3.5103   9.6526   9.9241   9.7182  10.2753  10.1265
   0.0000   0.0000   0.0000   3.4503   9.6287   9.9128   9.7153  10.2285  10.0499
   0.0000   0.0000   0.0000   3.3675   9.5922   9.9015   9.7100  10.1823  10.0055
   0.0000   0.0000   0.0000   3.3115   9.5573   9.8861   9.6990  10.1456   9.9670
   0.0000   0.0000   0.0000   3.2755   9.4991   9.8753   9.6908  10.1212   9.9242
   0.0000   0.0000   0.0000   3.2392   9.4439   9.8687   9.6834  10.1125   9.8859
   0.0000   0.0000   0.0000   3.2134   9.4290   9.8641   9.6731  10.1100   9.8587
   0.0000   0.0000   0.0000   3.1881   9.4374   9.8577   9.6691  10.1113   9.8453
   0.0000   0.0000   0.0000   3.1512   9.4331   9.8492   9.6686  10.1192   9.8381
   0.0000   0.0000   0.0000   3.1016   9.3700   9.8423   9.6684  10.1401   9.8324
   0.0000   0.0000   0.0000   3.0746   9.3101   9.8346   9.6667  10.1643   9.8266
   0.0000   0.0000   0.0000   3.0492   9.2697   9.8273   9.6649  10.1786   9.8145
   0.0000   0.0000   0.0000   3.0118   9.2301   9.8167   9.6643  10.1836   9.7942
   0.0000   0.0000   0.0000   2.9593   9.1685   9.8035   9.6648  10.1809   9.7823
   0.0000   0.0000   0.0000   2.9386   9.1105   9.7960   9.6634  10.1749   9.7798
   0.0000   0.0000   0.0000   2.9229   9.0700   9.7913   9.6571  10.1732   9.7797
   0.0000   0.0000   0.0000   2.9132   9.0457   9.7868   9.6505  10.1763   9.7796
   0.0000   0.0000   0.0000   2.9026   9.0282   9.7781   9.6449  10.1790   9.7805
   0.0000   0.0000   0.0000   2.8718   8.9942   9.7708   9.6410  10.1709   9.7854
   0.0000   0.0000   0.0000   2.8350   8.9637   9.7693   9.6393  10.1366   9.7952
   0.0000   0.0000   0.0000   2.7890   8.9364   9.7728   9.6385  10.0708   9.8160
   0.0000   0.0000   0.0000   2.7388   8.9000   9.7782   9.6382  10.0144   9.8518
   0.0000   0.0000   0.0000   2.6788   8.8611   9.7850   9.6378   9.9804   9.8965
   0.0000   0.0000   0.0000   2.6243   8.8121   9.7900   9.6371   9.9592   9.9414
   0.0000   0.0000   0.0000   2.5892   8.7464   9.7933   9.6350   9.9462   9.9789
   0.0000   0.0000   0.0000   2.5535   8.6765   9.7935   9.6308   9.9273   9.9893
   0.0000   0.0000   0.0000   2.5201   8.6033   9.7882   9.6249   9.9080   9.9812
   0.0000   0.0000   0.0000   2.4963   8.5515   9.7672   9.6187   9.8908   9.9689
   0.0000   0.0000   0.0000   2.4713   8.5059   9.7493   9.6141   9.8783   9.9623
   0.0000   0.0000   0.0000   2.4560   8.4618   9.7363   9.6124   9.8769   9.9610
   0.0000   0.0000   0.0000   2.4480   8.4147   9.7262   9.6097   9.8894   9.9612
   0.0000   0.0000   0.0000   2.4342   8.3524   9.7186   9.6074   9.9014   9.9623
   0.0000   0.0000   0.0000   2.4064   8.2798   9.7085   9.6062   9.8909   9.9652
   0.0000   0.0000   0.0000   2.3828   8.2122   9.6994   9.6037   9.8569   9.9697
   0.0000   0.0000   0.0000   2.3737   8.1547   9.6972   9.6001   9.8285   9.9736
   0.0000   0.0000   0.0000   2.3726   8.0998   9.6969   9.5967   9.8148   9.9758
   0.0000   0.0000   0.0000   2.3553   8.0494   9.6892   9.5934   9.8030   9.9744
   0.0000   0.0000   0.0000   2.3170   7.9869   9.6741   9.5911   9.7937   9.9677
   0.0000   0.0000   0.0000   2.2729   7.9399   9.6519   9.5892   9.7921   9.9577
   0.0000   0.0000   0.0000   2.2281   7.9235   9.6256   9.5881   9.7870   9.9471
   0.0000   0.0000   0.0000   2.1933   7.8980   9.5967   9.5876   9.7701   9.9390
   0.0000   0.0000   0.0000   2.1639   7.8492   9.5740   9.5868   9.7437   9.9370
   0.0000   0.0000   0.0000   2.1301   7.7621   9.5665   9.5854   9.7196   9.9403
   0.0000   0.0000   0.0000   2.1040   7.6942   9.5703   9.5831   9.7087   9.9480
   0.0000   0.0000   0.0000   2.0779   7.6205   9.5769   9.5803   9.7060   9.9672
   0.0000   0.0000   0.0000   2.0563   7.5383   9.5799   9.5759   9.6967  10.0085
   0.0000   0.0000   0.0000   2.0363   7.4393   9.5794   9.5719   9.6859  10.0619
   0.0000   0.0000   0.0000   2.0069   7.3348   9.5768   9.5681   9.6845  10.1085
   0.0000   0.0000   0.0000   1.9815   7.2994   9.5724   9.5633   9.6931  10.1349
   0.0000   0.0000   0.0000   1.9632   7.2767   9.5666   9.5567   9.7109  10.1460
   0.0000   0.0000   0.0000   1.9502   7.2425   9.5606   9.5505   9.7292  10.1522
   0.0000   0.0000   0.0000   1.9221   7.1804   9.5557   9.5469   9.7420  10.1539
   0.0000   0.0000   0.0000   1.8903   7.1190   9.5506   9.5449   9.7479  10.1539
   0.0000   0.0000   0.0000   1.8722   7.0517   9.5446   9.5436   9.7497  10.1513
   0.0000   0.0000   0.0000   1.8615   6.9893   9.5366   9.5415   9.7462  10.1489
   0.0000   0.0000   0.0000   1.8458   6.9557   9.5232   9.5359   9.7409  10.1628
   0.0000   0.0000   0.0000   1.8294   6.9292   9.5077   9.5276   9.7355  10.2014
   0.0000   0.0000   0.0000   1.8175   6.8996   9.4946   9.5187   9.7292  10.2377
   0.0000   0.0000   0.0000   1.8036   6.8690   9.4828   9.5123   9.7190  10.2633
   0.0000   0.0000   0.0000   1.7908   6.8227   9.4699   9.5087   9.7073  10.2822
   0.0000   0.0000   0.0000   1.7659   6.7573   9.4537   9.5052   9.6975  10.2842
   0.0000   0.0000   0.0000   1.7475   6.6931   9.4368   9.5023   9.6873  10.2674
   0.0000   0.0000   0.0000   1.7317   6.6284   9.4128   9.5004   9.6750  10.2316
   0.0000   0.0000   0.0000   1.7179   6.5652   9.3847   9.4967   9.6627  10.1723
   0.0000   0.0000   0.0000   1.7052   6.5277   9.3717   9.4897   9.6509  10.1035
   0.0000   0.0000   0.0000   1.6796   6.4922   9.3618   9.4848   9.6401  10.0497
   0.0000   0.0000   0.0000   1.6618   6.4209   9.3521   9.4827   9.6258  10.0189
   0.0000   0.0000   0.0000   1.6410   6.3301   9.3407   9.4817   9.6057   9.9946
   0.0000   0.0000   0.0000   1.6212   6.2353   9.3248   9.4800   9.5813   9.9616
   0.0000   0.0000   0.0000   1.6052   6.1223   9.3097   9.4776   9.5585   9.9097
   0.0000   0.0000   0.0000   1.5871   6.0222   9.2958   9.4753   9.5371   9.8700
   0.0000   0.0000   0.0000   1.5763   5.9592   9.2834   9.4737   9.5171   9.8522
   0.0000   0.0000   0.0000   1.5654   5.8977   9.2706   9.4723   9.5002   9.8426
   0.0000   0.0000   0.0000   1.5548   5.8368   9.2538   9.4685   9.4880   9.8322
   0.0000   0.0000   0.0000   1.5481   5.7927   9.2347   9.4643   9.4763   9.8084
   0.0000   0.0000   0.0000   1.5395   5.7340   9.2178   9.4600   9.4574   9.7545
   0.0000   0.0000   0.0000   1.5292   5.6566   9.2020   9.4559   9.4360   9.6863
   0.0000   0.0000   0.0000   1.5241   5.6048   9.1864   9.4530   9.4167   9.6219
   0.0000   0.0000   0.0000   1.5187   5.5635   9.1728   9.4508   9.4015   9.5657
   0.0000   0.0000   0.0000   1.5111   5.5017   9.1634   9.4486   9.3879   9.5011
   0.0000   0.0000   0.0000   1.4979   5.4455   9.1633   9.4457   9.3740   9.4576
   0.0000   0.0000   0.0000   1.4882   5.3853   9.1718   9.4425   9.3648   9.4339
   0.0000   0.0000   0.0000   1.4829   5.3178   9.1736   9.4394   9.3606   9.4124
   0.0000   0.0000   0.0000   1.4758   5.2524   9.1605   9.4351   9.3569   9.3919
   0.0000   0.0000   0.0000   1.4647   5.1763   9.1422   9.4281   9.3471   9.3770
   0.0000   0.0000   0.0000   1.4571   5.1014   9.1344   9.4185   9.3318   9.3689
   0.0000   0.0000   0.0000   1.4518   5.0434   9.1314   9.4067   9.3164   9.3587
   0.0000   0.0000   0.0000   1.4473   4.9952   9.1348   9.3957   9.3061   9.3519
   0.0000   0.0000   0.0000   1.4356   4.9336   9.1405   9.3885   9.2997   9.3461
   0.0000   0.0000   0.0000   1.4213   4.8735   9.1409   9.3828   9.2935   9.3403
   0.0000   0.0000   0.0000   1.4073   4.8305   9.1356   9.3774   9.2861   9.3337
   0.0000   0.0000   0.0000   1.3987   4.8006   9.1220   9.3692   9.2755   9.3246
   0.0000   0.0000   0.0000   1.3933   4.7585   9.0909   9.3570   9.2607   9.3145
   0.0000   0.0000   0.0000   1.3825   4.7029   9.0595   9.3442   9.2467   9.3073
   0.0000   0.0000   0.0000   1.3694   4.6407   9.0432   9.3326   9.2380   9.2997
   0.0000   0.0000   0.0000   1.3593   4.5658   9.0382   9.3246   9.2285   9.2916
   0.0000   0.0000   0.0000   1.3531   4.4948   9.0458   9.3198   9.2079   9.2853
   0.0000   0.0000   0.0000   1.3485   4.4302   9.0565   9.3129   9.1803   9.2817
   0.0000   0.0000   0.0000   1.3452   4.3603   9.0589   9.3023   9.1666   9.2794
   0.0000   0.0000   0.0000   1.3426   4.3089   9.0525   9.2942   9.1606   9.2772
   0.0000   0.0000   0.0000   1.3401   4.2614   9.0488   9.2879   9.1573   9.2743
   0.0000   0.0000   0.0000   1.3373   4.2065   9.0490   9.2821   9.1524   9.2711
   0.0000   0.0000   0.0000   1.3346   4.1051   9.0505   9.2756   9.1441   9.2673
   0.0000   0.0000   0.0000   1.3326   3.9975   9.0543   9.2635   9.1305   9.2632
   0.0000   0.0000   0.0000   1.3321   3.9328   9.0603   9.2485   9.1118   9.2594
   0.0000   0.0000   0.0000   1.3321   3.8950   9.0662   9.2342   9.0904   9.2559
   0.0000   0.0000   0.0000   1.3324   3.8736   9.0686   9.2190   9.0768   9.2525
   0.0000   0.0000   0.0000   1.3327   3.8472   9.0647   9.2050   9.0776   9.2496
   0.0000   0.0000   0.0000   1.3342   3.8195   9.0576   9.1941   9.0944   9.2461
   0.0000   0.0000   0.0000   1.3354   3.7909   9.0493   9.1809   9.1059   9.2403
   0.0000   0.0000   0.0000   1.3368   3.7612   9.0411   9.1594   9.0951   9.2323
   0.0000   0.0000   0.0000   1.3396   3.7377   9.0321   9.1349   9.0729   9.2237
   0.0000   0.0000   0.0000   1.3431   3.7153   9.0142   9.1097   9.0602   9.2149
   0.0000   0.0000   0.0000   1.3444   3.7000   8.9707   9.0928   9.0595   9.2050
   0.0000   0.0000   0.0000   1.3439   3.6826   8.9062   9.0849   9.0580   9.1940
   0.0000   0.0000   0.0000   1.3422   3.6684   8.8299   9.0821   9.0452   9.1819
   0.0000   0.0000   0.0000   1.3350   3.6534   8.7570   9.0809   9.0258   9.1705
   0.0000   0.0000   0.0000   1.3272   3.6288   8.6914   9.0783   9.0126   9.1616
   0.0000   0.0000   0.0000   1.3237   3.6026   8.6394   9.0722   9.0003   9.1560
   0.0000   0.0000   0.0000   1.3211   3.5731   8.6009   9.0660   8.9856   9.1524
   0.0000   0.0000   0.0000   1.3189   3.5228   8.5744   9.0603   8.9685   9.1495
   0.0000   0.0000   0.0000   1.3162   3.4400   8.5511   9.0557   8.9524   9.1477
   0.0000   0.0000   0.0000   1.3144   3.3615   8.5265   9.0543   8.9382   9.1467
   0.0000   0.0000   0.0000   1.3135   3.3097   8.4985   9.0561   8.9188   9.1463
   0.0000   0.0000   0.0000   1.3125   3.2660   8.4636   9.0595   8.8942   9.1473
   0.0000   0.0000   0.0000   1.3114   3.2187   8.4230   9.0611   8.8686   9.1503
   0.0000   0.0000   0.0000   1.3110   3.1793   8.3840   9.0618   8.8413   9.1551
   0.0000   0.0000   0.0000   1.3129   3.1407   8.3555   9.0634   8.8049   9.1631
   0.0000   0.0000   0.0000   1.3158   3.0859   8.3306   9.0648   8.7770   9.1753
   0.0000   0.0000   0.0000   1.3182   3.0462   8.3020   9.0636   8.7566   9.1949
   0.0000   0.0000   0.0000   1.3194   3.0205   8.2726   9.0610   8.7432   9.2218
   0.0000   0.0000   0.0000   1.3183   2.9986   8.2474   9.0585   8.7315   9.2424
   0.0000   0.0000   0.0000   1.3124   2.9767   8.2247   9.0566   8.7234   9.2483
   0.0000   0.0000   0.0000   1.3071   2.9471   8.2027   9.0550   8.7280   9.2391
   0.0000   0.0000   0.0000   1.3031   2.8938   8.1725   9.0526   8.7443   9.2157
   0.0000   0.0000   0.0000   1.2964   2.8271   8.1370   9.0489   8.7606   9.1882
   0.0000   0.0000   0.0000   1.2876   2.7761   8.0967   9.0424   8.7755   9.1625
   0.0000   0.0000   0.0000   1.2778   2.7371   8.0481   9.0328   8.7788   9.1434
   0.0000   0.0000   0.0000   1.2676   2.7099   7.9957   9.0201   8.7688   9.1189
   0.0000   0.0000   0.0000   1.2567   2.6935   7.9532   9.0055   8.7443   9.0971
   0.0000   0.0000   0.0000   1.2505   2.6766   7.9266   8.9904   8.7080   9.0833
   0.0000   0.0000   0.0000   1.2505   2.6527   7.9065   8.9757   8.6606   9.0710
   0.0000   0.0000   0.0000   1.2503   2.6287   7.8731   8.9614   8.6079   9.0522
   0.0000   0.0000   0.0000   1.2488   2.6062   7.8205   8.9493   8.5637   9.0198
   0.0000   0.0000   0.0000   1.2421   2.5827   7.7743   8.9402   8.5349   8.9873
   0.0000   0.0000   0.0000   1.2341   2.5541   7.7371   8.9280   8.5101   8.9677
   0.0000   0.0000   0.0000   1.2273   2.5356   7.7032   8.9061   8.4829   8.9574
   0.0000   0.0000   0.0000   1.2216   2.5086   7.6568   8.8873   8.4605   8.9585
   0.0000   0.0000   0.0000   1.2172   2.4581   7.5965   8.8727   8.4412   8.9652
   0.0000   0.0000   0.0000   1.2142   2.4251   7.5422   8.8568   8.4253   8.9744
   0.0000   0.0000   0.0000   1.2131   2.3972   7.5014   8.8405   8.4078   8.9919
   0.0000   0.0000   0.0000   1.2122   2.3728   7.4598   8.8280   8.3841   9.0148
   0.0000   0.0000   0.0000   1.2113   2.3352   7.3935   8.8210   8.3473   9.0252
   0.0000   0.0000   0.0000   1.2096   2.2899   7.3234   8.8151   8.2947   9.0249
   0.0000   0.0000   0.0000   1.2077   2.2562   7.2561   8.8027   8.2270   9.0191
   0.0000   0.0000   0.0000   1.2045   2.2284   7.1914   8.7775   8.1586   9.0139
   0.0000   0.0000   0.0000   1.2011   2.2079   7.1357   8.7509   8.0975   9.0053
   0.0000   0.0000   0.0000   1.1976   2.1876   7.0801   8.7317   8.0448   8.9813
   0.0000   0.0000   0.0000   1.1945   2.1808   6.9967   8.7166   8.0012   8.9495
   0.0000   0.0000   0.0000   1.1889   2.1754   6.9070   8.6988   7.9673   8.9200
   0.0000   0.0000   0.0000   1.1882   2.1676   6.8326   8.6699   7.9381   8.9018
   0.0000   0.0000   0.0000   1.1876   2.1533   6.7766   8.6276   7.9098   8.8932
   0.0000   0.0000   0.0000   1.1864   2.1183   6.7378   8.5846   7.8825   8.8842
   0.0000   0.0000   0.0000   1.1854   2.0909   6.6813   8.5541   7.8556   8.8664
   0.0000   0.0000   0.0000   1.1846   2.0747   6.5829   8.5353   7.8310   8.8428
   0.0000   0.0000   0.0000   1.1845   2.0625   6.4979   8.5178   7.8059   8.8184
   0.0000   0.0000   0.0000   1.1846   2.0500   6.4221   8.4999   7.7753   8.7971
   0.0000   0.0000   0.0000   1.1843   2.0401   6.3453   8.4663   7.7400   8.7774
   0.0000   0.0000   0.0000   1.1842   2.0262   6.2633   8.4026   7.7015   8.7574
   0.0000   0.0000   0.0000   1.1841   2.0062   6.1892   8.3326   7.6528   8.7333
   0.0000   0.0000   0.0000   1.1824   1.9826   6.1271   8.2718   7.6136   8.7059
   0.0000   0.0000   0.0000   1.1809   1.9546   6.0793   8.2179   7.5843   8.6820
   0.0000   0.0000   0.0000   1.1796   1.9103   6.0435   8.1613   7.5658   8.6657
   0.0000   0.0000   0.0000   1.1757   1.8792   6.0161   8.1007   7.5538   8.6552
   0.0000   0.0000   0.0000   1.1722   1.8723   5.9840   8.0486   7.5428   8.6465
   0.0000   0.0000   0.0000   1.1703   1.8675   5.9375   8.0037   7.5381   8.6367
   0.0000   0.0000   0.0000   1.1686   1.8602   5.8854   7.9570   7.5357   8.6213
   0.0000   0.0000   0.0000   1.1655   1.8510   5.8223   7.8989   7.5344   8.6017
   0.0000   0.0000   0.0000   1.1637   1.8402   5.7532   7.8270   7.5321   8.5828
   0.0000   0.0000   0.0000   1.1614   1.8274   5.6815   7.7631   7.5239   8.5686
   0.0000   0.0000   0.0000   1.1599   1.8083   5.6076   7.7003   7.5098   8.5595
   0.0000   0.0000   0.0000   1.1597   1.7950   5.5399   7.6429   7.4946   8.5486
   0.0000   0.0000   0.0000   1.1598   1.7836   5.4735   7.5961   7.4766   8.5329
   0.0000   0.0000   0.0000   1.1597   1.7712   5.3841   7.5484   7.4541   8.5185
   0.0000   0.0000   0.0000   1.1593   1.7439   5.2921   7.4869   7.4269   8.5015
   0.0000   0.0000   0.0000   1.1590   1.7107   5.2098   7.4238   7.3968   8.4804
   0.0000   0.0000   0.0000   1.1586   1.6785   5.1403   7.3701   7.3633   8.4543
   0.0000   0.0000   0.0000   1.1569   1.6445   5.0747   7.3281   7.3265   8.4115
   0.0000   0.0000   0.0000   1.1555   1.6087   5.0009   7.2845   7.2896   8.3320
   0.0000   0.0000   0.0000   1.1549   1.5889   4.9038   7.2120   7.2526   8.2208
   0.0000   0.0000   0.0000   1.1542   1.5739   4.7953   7.1359   7.2155   8.0964
   0.0000   0.0000   0.0000   1.1516   1.5595   4.6964   7.0628   7.1757   7.9581
   0.0000   0.0000   0.0000   1.1494   1.5521   4.6076   6.9826   7.1341   7.7940
   0.0000   0.0000   0.0000   1.1475   1.5474   4.5269   6.9027   7.0913   7.6235
   0.0000   0.0000   0.0000   1.1440   1.5405   4.4578   6.8389   7.0459   7.4612
   0.0000   0.0000   0.0000   1.1402   1.5350   4.4009   6.7765   6.9940   7.3343
   0.0000   0.0000   0.0000   1.1356   1.5325   4.3312   6.7107   6.9467   7.2432
   0.0000   0.0000   0.0000   1.1330   1.5296   4.2546   6.6411   6.9048   7.1569
   0.0000   0.0000   0.0000   1.1319   1.5231   4.2044   6.5690   6.8640   7.0707
   0.0000   0.0000   0.0000   1.1308   1.5164   4.1653   6.4970   6.8381   6.9877
   0.0000   0.0000   0.0000   1.1304   1.5102   4.1316   6.4326   6.8114   6.8805
   0.0000   0.0000   0.0000   1.1292   1.5032   4.0946   6.3793   6.7612   6.7514
   0.0000   0.0000   0.0000   1.1275   1.4925   4.0397   6.3440   6.6850   6.6260
   0.0000   0.0000   0.0000   1.1266   1.4745   3.9675   6.3106   6.6026   6.5104
   0.0000   0.0000   0.0000   1.1261   1.4576   3.9016   6.2686   6.5170   6.4003
   0.0000   0.0000   0.0000   1.1256   1.4401   3.8463   6.2278   6.4446   6.2994
   0.0000   0.0000   0.0000   1.1246   1.4243   3.7987   6.1946   6.3740   6.2127
   0.0000   0.0000   0.0000   1.1229   1.4096   3.7522   6.1602   6.2876   6.1293
   0.0000   0.0000   0.0000   1.1224   1.3987   3.7071   6.1201   6.1820   6.0390
   0.0000   0.0000   0.0000   1.1218   1.3889   3.6657   6.0702   6.0772   5.9463
   0.0000   0.0000   0.0000   1.1204   1.3807   3.6257   5.9880   5.9710   5.8688
   0.0000   0.0000   0.0000   1.1195   1.3723   3.5816   5.9074   5.8684   5.8114
   0.0000   0.0000   0.0000   1.1171   1.3622   3.5329   5.8479   5.7981   5.7490
   0.0000   0.0000   0.0000   1.1152   1.3581   3.4841   5.7961   5.7518   5.6453
   0.0000   0.0000   0.0000   1.1142   1.3551   3.4469   5.7537   5.7255   5.5440
   0.0000   0.0000   0.0000   1.1139   1.3514   3.4183   5.7178   5.6943   5.4821
   0.0000   0.0000   0.0000   1.1136   1.3502   3.3941   5.6879   5.6450   5.4427
   0.0000   0.0000   0.0000   1.1132   1.3496   3.3547   5.6549   5.5865   5.3943
   0.0000   0.0000   0.0000   1.1125   1.3478   3.3024   5.6001   5.5307   5.3200
   0.0000   0.0000   0.0000   1.1109   1.3462   3.2546   5.5331   5.4767   5.2484
   0.0000   0.0000   0.0000   1.1082   1.3428   3.2090   5.4710   5.4127   5.1800
   0.0000   0.0000   0.0000   1.1042   1.3390   3.1620   5.4129   5.3631   5.0968
   0.0000   0.0000   0.0000   1.0992   1.3360   3.1144   5.3569   5.3215   4.9690
   0.0000   0.0000   0.0000   1.0942   1.3326   3.0685   5.3042   5.2690   4.8242
   0.0000   0.0000   0.0000   1.0853   1.3246   3.0090   5.2616   5.2033   4.6712
   0.0000   0.0000   0.0000   1.0770   1.3125   2.9263   5.2261   5.1069   4.5174
   0.0000   0.0000   0.0000   1.0722   1.2992   2.8544   5.1959   5.0228   4.3922
   0.0000   0.0000   0.0000   1.0677   1.2908   2.7995   5.1749   4.9603   4.3169
   0.0000   0.0000   0.0000   1.0637   1.2876   2.7643   5.1586   4.9083   4.2613
   0.0000   0.0000   0.0000   1.0619   1.2849   2.7416   5.1334   4.8302   4.2175
   0.0000   0.0000   0.0000   1.0603   1.2837   2.7164   5.0922   4.7346   4.1759
   0.0000   0.0000   0.0000   1.0575   1.2833   2.6828   5.0528   4.6601   4.1366
   0.0000   0.0000   0.0000   1.0547   1.2828   2.6492   5.0183   4.5994   4.1090
   0.0000   0.0000   0.0000   1.0530   1.2825   2.6251   4.9896   4.5402   4.0883
   0.0000   0.0000   0.0000   1.0516   1.2812   2.6125   4.9452   4.4613   4.0677
   0.0000   0.0000   0.0000   1.0503   1.2784   2.6038   4.8723   4.3748   4.0440
   0.0000   0.0000   0.0000   1.0474   1.2751   2.5970   4.8075   4.2909   4.0166
   0.0000   0.0000   0.0000   1.0438   1.2715   2.5900   4.7643   4.2149   3.9879
   0.0000   0.0000   0.0000   1.0407   1.2681   2.5811   4.7050   4.1465   3.9510
   0.0000   0.0000   0.0000   1.0377   1.2654   2.5668   4.6362   4.0907   3.8909
   0.0000   0.0000   0.0000   1.0347   1.2627   2.5483   4.5833   4.0459   3.8226
   0.0000   0.0000   0.0000   1.0318   1.2582   2.5312   4.5490   3.9977   3.7511
   0.0000   0.0000   0.0000   1.0295   1.2518   2.5161   4.5202   3.9472   3.6803
   0.0000   0.0000   0.0000   1.0264   1.2452   2.5009   4.4894   3.8919   3.6285
   0.0000   0.0000   0.0000   1.0226   1.2381   2.4782   4.4456   3.8287   3.5580
   0.0000   0.0000   0.0000   1.0199   1.2301   2.4402   4.3868   3.7602   3.4634
   0.0000   0.0000   0.0000   1.0180   1.2218   2.3989   4.3249   3.7016   3.3813
   0.0000   0.0000   0.0000   1.0163   1.2143   2.3653   4.2687   3.6427   3.3161
   0.0000   0.0000   0.0000   1.0146   1.2067   2.3351   4.2204   3.5750   3.2620
   0.0000   0.0000   0.0000   1.0128   1.1931   2.3014   4.1824   3.5127   3.2158
   0.0000   0.0000   0.0000   1.0082   1.1754   2.2661   4.1523   3.4650   3.1740
   0.0000   0.0000   0.0000   1.0051   1.1604   2.2339   4.1286   3.4261   3.1075
   0.0000   0.0000   0.0000   1.0031   1.1490   2.2009   4.1108   3.3924   3.0067
   0.0000   0.0000   0.0000   1.0009   1.1401   2.1669   4.0965   3.3591   2.9273
   0.0000   0.0000   0.0000   0.9989   1.1311   2.1368   4.0852   3.3317   2.8734
   0.0000   0.0000   0.0000   0.9973   1.1222   2.1145   4.0772   3.3142   2.8296
   0.0000   0.0000   0.0000   0.9945   1.1174   2.0954   4.0709   3.2974   2.7637
   0.0000   0.0000   0.0000   0.9906   1.1141   2.0794   4.0622   3.2736   2.7044
   0.0000   0.0000   0.0000   0.9871   1.1120   2.0669   4.0458   3.2452   2.6633
   0.0000   0.0000   0.0000   0.9842   1.1091   2.0585   4.0245   3.2124   2.6270
   0.0000   0.0000   0.0000   0.9813   1.1044   2.0514   3.9982   3.1736   2.5831
   0.0000   0.0000   0.0000   0.9785   1.1016   2.0423   3.9595   3.1111   2.5429
   0.0000   0.0000   0.0000   0.9769   1.0999   2.0248   3.9079   2.9919   2.4993
   0.0000   0.0000   0.0000   0.9758   1.0973   2.0020   3.8464   2.8854   2.4423
   0.0000   0.0000   0.0000   0.9751   1.0943   1.9782   3.7874   2.7988   2.3894
   0.0000   0.0000   0.0000   0.9746   1.0910   1.9545   3.7245   2.7192   2.3548
   0.0000   0.0000   0.0000   0.9741   1.0873   1.9295   3.6549   2.6555   2.3201
   0.0000   0.0000   0.0000   0.9725   1.0826   1.9069   3.5962   2.6213   2.2850
   0.0000   0.0000   0.0000   0.9693   1.0777   1.8879   3.5539   2.5983   2.2613
   0.0000   0.0000   0.0000   0.9656   1.0748   1.8728   3.5231   2.5806   2.2387
   0.0000   0.0000   0.0000   0.9625   1.0705   1.8567   3.5025   2.5682   2.2146
   0.0000   0.0000   0.0000   0.9602   1.0665   1.8345   3.4642   2.5572   2.1898
   0.0000   0.0000   0.0000   0.9584   1.0602   1.8122   3.4046   2.5434   2.1679
   0.0000   0.0000   0.0000   0.9765   1.0506   1.7936   3.3600   2.5211   2.1462
   0.0000   0.0000   0.0000   0.9563   1.0434   1.7755   3.3273   2.4892   2.1150
   0.0000   0.0000   0.0000   0.9555   1.0380   1.7585   3.3026   2.4442   2.0871
   0.0000   0.0000   0.0000   0.9550   1.0341   1.7446   3.2624   2.3916   2.0643
   0.0000   0.0000   0.0000   0.9544   1.0324   1.7317   3.1892   2.3454   2.0474
   0.0000   0.0000   0.0000   0.9537   1.0313   1.7206   3.1053   2.3060   2.0369
   0.0000   0.0000   0.0000   0.9530   1.0295   1.7114   3.0250   2.2709   2.0292
   0.0000   0.0000   0.0000   0.9520   1.0264   1.7011   2.9621   2.2315   2.0095
   0.0000   0.0000   0.0000   0.9504   1.0245   1.6883   2.9071   2.1922   1.9784
   0.0000   0.0000   0.0000   0.9482   1.0222   1.6752   2.8600   2.1567   1.9466
   0.0000   0.0000   0.0000   0.9443   1.0192   1.6589   2.8280   2.1271   1.9231
   0.0000   0.0000   0.0000   0.9408   1.0167   1.6426   2.8111   2.1011   1.9046
   0.0000   0.0000   0.0000   0.9382   1.0153   1.6292   2.7986   2.0798   1.8840
   0.0000   0.0000   0.0000   0.9356   1.0144   1.6178   2.7891   2.0613   1.8710
   0.0000   0.0000   0.0000   0.9337   1.0130   1.6076   2.7828   2.0431   1.8611
   0.0000   0.0000   0.0000   0.9304   1.0124   1.6002   2.7792   2.0232   1.8541
   0.0000   0.0000   0.0000   0.9270   1.0118   1.5951   2.7773   2.0026   1.8507
   0.0000   0.0000   0.0000   0.9243   1.0110   1.5883   2.7688   1.9858   1.8483
   0.0000   0.0000   0.0000   0.9216   1.0097   1.5759   2.7525   1.9749   1.8430
   0.0000   0.0000   0.0000   0.9190   1.0079   1.5621   2.7394   1.9659   1.8384
   0.0000   0.0000   0.0000   0.9171   1.0064   1.5466   2.7286   1.9535   1.8361
   0.0000   0.0000   0.0000   0.9157   1.0047   1.5315   2.7177   1.9381   1.8345
   0.0000   0.0000   0.0000   0.9144   1.0020   1.5186   2.7015   1.9258   1.8329
   0.0000   0.0000   0.0000   0.9132   0.9954   1.5075   2.6709   1.9155   1.8292
   0.0000   0.0000   0.0000   0.9120   0.9893   1.4963   2.6307   1.9061   1.8175
   0.0000   0.0000   0.0000   0.9105   0.9834   1.4863   2.5942   1.8955   1.7992
   0.0000   0.0000   0.0000   0.9084   0.9778   1.4783   2.5640   1.8836   1.7800
   0.0000   0.0000   0.0000   0.9057   0.9733   1.4730   2.5382   1.8728   1.7613
   0.0000   0.0000   0.0000   0.9031   0.9701   1.4708   2.5200   1.8629   1.7457
   0.0000   0.0000   0.0000   0.9006   0.9679   1.4693   2.4864   1.8520   1.7340
   0.0000   0.0000   0.0000   0.8975   0.9661   1.4658   2.4105   1.8404   1.7243
   0.0000   0.0000   0.0000   0.8944   0.9641   1.4599   2.3335   1.8298   1.7146
   0.0000   0.0000   0.0000   0.8929   0.9614   1.4518   2.2673   1.8211   1.7058
   0.0000   0.0000   0.0000   0.8927   0.9579   1.4422   2.2127   1.8139   1.6974
   0.0000   0.0000   0.0000   0.8927   0.9545   1.4340   2.1596   1.8074   1.6882
   0.0000   0.0000   0.0000   0.8926   0.9520   1.4270   2.0939   1.8003   1.6768
   0.0000   0.0000   0.0000   0.8916   0.9514   1.4207   2.0447   1.7926   1.6650
   0.0000   0.0000   0.0000   0.8884   0.9510   1.4133   2.0161   1.7846   1.6527
   0.0000   0.0000   0.0000   0.8849   0.9504   1.4057   2.0006   1.7762   1.6407
   0.0000   0.0000   0.0000   0.8813   0.9495   1.3971   1.9915   1.7690   1.6286
   0.0000   0.0000   0.0000   0.8770   0.9483   1.3869   1.9853   1.7631   1.6165
   0.0000   0.0000   0.0000   0.8721   0.9469   1.3746   1.9743   1.7579   1.6046
   0.0000   0.0000   0.0000   0.8684   0.9458   1.3627   1.9619   1.7536   1.5940
   0.0000   0.0000   0.0000   0.8634   0.9454   1.3509   1.9519   1.7485   1.5840
   0.0000   0.0000   0.0000   0.8551   0.9447   1.3383   1.9419   1.7416   1.5763
   0.0000   0.0000   0.0000   0.8499   0.9431   1.3314   1.9304   1.7321   1.5688
   0.0000   0.0000   0.0000   0.8471   0.9416   1.3282   1.9162   1.7194   1.5521
   0.0000   0.0000   0.0000   0.8448   0.9398   1.3265   1.8979   1.7038   1.5364
   0.0000   0.0000   0.0000   0.8430   0.9375   1.3253   1.8762   1.6893   1.5260
   0.0000   0.0000   0.0000   0.8409   0.9354   1.3243   1.8519   1.6775   1.5183
   0.0000   0.0000   0.0000   0.8385   0.9338   1.3230   1.8289   1.6682   1.5095
   0.0000   0.0000   0.0000   0.8365   0.9320   1.3215   1.8073   1.6605   1.4973
   0.0000   0.0000   0.0000   0.8348   0.9301   1.3197   1.7826   1.6536   1.4841
   0.0000   0.0000   0.0000   0.8332   0.9278   1.3180   1.7620   1.6472   1.4701
   0.0000   0.0000   0.0000   0.8320   0.9253   1.3162   1.7434   1.6401   1.4555
   0.0000   0.0000   0.0000   0.8306   0.9214   1.3150   1.7260   1.6332   1.4401
   0.0000   0.0000   0.0000   0.8282   0.9184   1.3125   1.7166   1.6259   1.4258
   0.0000   0.0000   0.0000   0.8230   0.9166   1.3077   1.7084   1.6159   1.4131
   0.0000   0.0000   0.0000   0.8174   0.9143   1.3034   1.6924   1.6043   1.4010
   0.0000   0.0000   0.0000   0.8131   0.9112   1.2999   1.6770   1.5952   1.3885
   0.0000   0.0000   0.0000   0.8101   0.9085   1.2970   1.6666   1.5899   1.3776
   0.0000   0.0000   0.0000   0.8082   0.9071   1.2939   1.6596   1.5851   1.3689
   0.0000   0.0000   0.0000   0.8070   0.9062   1.2903   1.6512   1.5792   1.3602
   0.0000   0.0000   0.0000   0.8055   0.9054   1.2853   1.6368   1.5717   1.3525
   0.0000   0.0000   0.0000   0.8029   0.9038   1.2768   1.6243   1.5613   1.3456
   0.0000   0.0000   0.0000   0.8007   0.9021   1.2658   1.6132   1.5490   1.3380
   0.0000   0.0000   0.0000   0.7986   0.9013   1.2552   1.6029   1.5355   1.3297
   0.0000   0.0000   0.0000   0.7962   0.9006   1.2446   1.5936   1.5213   1.3218
   0.0000   0.0000   0.0000   0.7949   0.8998   1.2314   1.5869   1.5062   1.3146
   0.0000   0.0000   0.0000   0.7941   0.8987   1.2129   1.5744   1.4922   1.3061
   0.0000   0.0000   0.0000   0.7895   0.8969   1.1957   1.5581   1.4814   1.2938
   0.0000   0.0000   0.0000   0.7848   0.8945   1.1857   1.5447   1.4739   1.2802
   0.0000   0.0000   0.0000   0.7823   0.8919   1.1790   1.5346   1.4674   1.2680
   0.0000   0.0000   0.0000   0.7817   0.8883   1.1747   1.5250   1.4595   1.2557
   0.0000   0.0000   0.0000   0.7815   0.8805   1.1719   1.5168   1.4490   1.2441
   0.0000   0.0000   0.0000   0.7808   0.8746   1.1684   1.5076   1.4365   1.2359
   0.0000   0.0000   0.0000   0.7799   0.8709   1.1627   1.4796   1.4227   1.2284
   0.0000   0.0000   0.0000   0.7791   0.8674   1.1568   1.4469   1.4068   1.2218
   0.0000   0.0000   0.0000   0.7780   0.8633   1.1526   1.4287   1.3910   1.2162
   0.0000   0.0000   0.0000   0.7763   0.8595   1.1485   1.4186   1.3773   1.2111
   0.0000   0.0000   0.0000   0.7746   0.8561   1.1424   1.4118   1.3654   1.2057
   0.0000   0.0000   0.0000   0.7726   0.8539   1.1351   1.4032   1.3555   1.2000
   0.0000   0.0000   0.0000   0.7704   0.8524   1.1273   1.3862   1.3486   1.1942
   0.0000   0.0000   0.0000   0.7686   0.8514   1.1205   1.3694   1.3426   1.1882
   0.0000   0.0000   0.0000   0.7670   0.8502   1.1142   1.3555   1.3361   1.1828
   0.0000   0.0000   0.0000   0.7659   0.8488   1.1035   1.3439   1.3294   1.1758
   0.0000   0.0000   0.0000   0.7651   0.8474   1.0925   1.3350   1.3223   1.1701
   0.0000   0.0000   0.0000   0.7645   0.8454   1.0839   1.3296   1.3141   1.1672
   0.0000   0.0000   0.0000   0.7636   0.8437   1.0774   1.3260   1.3029   1.1656
   0.0000   0.0000   0.0000   0.7625   0.8396   1.0720   1.3236   1.2882   1.1648
   0.0000   0.0000   0.0000   0.7620   0.8344   1.0670   1.3230   1.2723   1.1636
   0.0000   0.0000   0.0000   0.7613   0.8293   1.0612   1.3242   1.2586   1.1629
   0.0000   0.0000   0.0000   0.7609   0.8248   1.0560   1.3212   1.2485   1.1619
   0.0000   0.0000   0.0000   0.7602   0.8206   1.0522   1.3181   1.2391   1.1606
   0.0000   0.0000   0.0000   0.7597   0.8153   1.0488   1.3143   1.2305   1.1578
   0.0000   0.0000   0.0000   0.7590   0.8120   1.0461   1.3099   1.2233   1.1532
   0.0000   0.0000   0.0000   0.7578   0.8088   1.0440   1.3069   1.2172   1.1461
   0.0000   0.0000   0.0000   0.7571   0.8068   1.0430   1.3047   1.2112   1.1379
   0.0000   0.0000   0.0000   0.7571   0.8050   1.0422   1.3012   1.2054   1.1320
   0.0000   0.0000   0.0000   0.7571   0.8049   1.0391   1.2950   1.1995   1.1285
   0.0000   0.0000   0.0000   0.7573   0.8055   1.0353   1.2894   1.1938   1.1252
   0.0000   0.0000   0.0000   0.7573   0.8061   1.0319   1.2859   1.1877   1.1227
   0.0000   0.0000   0.0000   0.7566   0.8059   1.0289   1.2808   1.1813   1.1198
   0.0000   0.0000   0.0000   0.7557   0.8037   1.0253   1.2702   1.1758   1.1156
   0.0000   0.0000   0.0000   0.7551   0.7992   1.0204   1.2583   1.1717   1.1119
   0.0000   0.0000   0.0000   0.7543   0.7933   1.0141   1.2461   1.1689   1.1093
   0.0000   0.0000   0.0000   0.7534   0.7892   1.0081   1.2375   1.1669   1.1082
   0.0000   0.0000   0.0000   0.7524   0.7866   1.0027   1.2250   1.1656   1.1069
   0.0000   0.0000   0.0000   0.7505   0.7836   0.9975   1.2145   1.1642   1.1038
   0.0000   0.0000   0.0000   0.7468   0.7809   0.9919   1.2067   1.1630   1.0996
   0.0000   0.0000   0.0000   0.7428   0.7787   0.9842   1.2026   1.1620   1.0957
   0.0000   0.0000   0.0000   0.7410   0.7773   0.9769   1.1976   1.1610   1.0929
   0.0000   0.0000   0.0000   0.7409   0.7764   0.9718   1.1938   1.1596   1.0909
   0.0000   0.0000   0.0000   0.7410   0.7760   0.9677   1.1922   1.1579   1.0889
   0.0000   0.0000   0.0000   0.7416   0.7751   0.9636   1.1912   1.1550   1.0880
   0.0000   0.0000   0.0000   0.7421   0.7741   0.9586   1.1906   1.1507   1.0871
   0.0000   0.0000   0.0000   0.7425   0.7735   0.9545   1.1900   1.1452   1.0863
   0.0000   0.0000   0.0000   0.7429   0.7728   0.9516   1.1894   1.1387   1.0853
   0.0000   0.0000   0.0000   0.7432   0.7712   0.9499   1.1888   1.1317   1.0840
   0.0000   0.0000   0.0000   0.7427   0.7694   0.9487   1.1878   1.1247   1.0820
   0.0000   0.0000   0.0000   0.7421   0.7677   0.9475   1.1858   1.1196   1.0807
   0.0000   0.0000   0.0000   0.7414   0.7663   0.9468   1.1831   1.1163   1.0797
   0.0000   0.0000   0.0000   0.7410   0.7656   0.9465   1.1791   1.1138   1.0789
   0.0000   0.0000   0.0000   0.7405   0.7652   0.9450   1.1732   1.1102   1.0771
   0.0000   0.0000   0.0000   0.7394   0.7645   0.9441   1.1662   1.1041   1.0746
   0.0000   0.0000   0.0000   0.7387   0.7617   0.9430   1.1565   1.0976   1.0714
   0.0000   0.0000   0.0000   0.7382   0.7583   0.9413   1.1444   1.0920   1.0699
   0.0000   0.0000   0.0000   0.7375   0.7569   0.9389   1.1332   1.0868   1.0692
   0.0000   0.0000   0.0000   0.7369   0.7561   0.9366   1.1246   1.0810   1.0690
   0.0000   0.0000   0.0000   0.7367   0.7556   0.9339   1.1187   1.0752   1.0692
   0.0000   0.0000   0.0000   0.7366   0.7549   0.9315   1.1146   1.0700   1.0682
   0.0000   0.0000   0.0000   0.7365   0.7543   0.9303   1.1081   1.0657   1.0665
   0.0000   0.0000   0.0000   0.7363   0.7535   0.9290   1.0998   1.0625   1.0625
   0.0000   0.0000   0.0000   0.7357   0.7515   0.9274   1.0933   1.0600   1.0565
   0.0000   0.0000   0.0000   0.7349   0.7497   0.9258   1.0885   1.0579   1.0503
   0.0000   0.0000   0.0000   0.7342   0.7481   0.9247   1.0849   1.0559   1.0447
   0.0000   0.0000   0.0000   0.7332   0.7460   0.9229   1.0808   1.0539   1.0408
   0.0000   0.0000   0.0000   0.7323   0.7439   0.9209   1.0750   1.0504   1.0335
   0.0000   0.0000   0.0000   0.7315   0.7429   0.9188   1.0685   1.0439   1.0226
   0.0000   0.0000   0.0000   0.7308   0.7415   0.9167   1.0623   1.0371   1.0133
   0.0000   0.0000   0.0000   0.7299   0.7390   0.9141   1.0569   1.0316   1.0051
   0.0000   0.0000   0.0000   0.7276   0.7356   0.9109   1.0523   1.0274   0.9974
   0.0000   0.0000   0.0000   0.7260   0.7313   0.9082   1.0458   1.0240   0.9899
   0.0000   0.0000   0.0000   0.7253   0.7285   0.9060   1.0387   1.0212   0.9829
   0.0000   0.0000   0.0000   0.7253   0.7266   0.9030   1.0333   1.0172   0.9752
   0.0000   0.0000   0.0000   0.7254   0.7245   0.9000   1.0294   1.0121   0.9693
   0.0000   0.0000   0.0000   0.7258   0.7221   0.8975   1.0258   1.0073   0.9642
   0.0000   0.0000   0.0000   0.7262   0.7181   0.8955   1.0219   1.0029   0.9590
   0.0000   0.0000   0.0000   0.7265   0.7145   0.8936   1.0180   0.9989   0.9539
   0.0000   0.0000   0.0000   0.7260   0.7122   0.8908   1.0142   0.9952   0.9490
   0.0000   0.0000   0.0000   0.7256   0.7096   0.8873   1.0099   0.9906   0.9452
   0.0000   0.0000   0.0000   0.7253   0.7072   0.8846   1.0054   0.9833   0.9407
   0.0000   0.0000   0.0000   0.7251   0.7052   0.8826   1.0009   0.9765   0.9366
   0.0000   0.0000   0.0000   0.7235   0.7036   0.8805   0.9962   0.9717   0.9340
   0.0000   0.0000   0.0000   0.7217   0.7030   0.8782   0.9929   0.9679   0.9303
   0.0000   0.0000   0.0000   0.7197   0.7019   0.8764   0.9902   0.9639   0.9259
   0.0000   0.0000   0.0000   0.7182   0.7005   0.8745   0.9876   0.9595   0.9219
   0.0000   0.0000   0.0000   0.7167   0.6993   0.8718   0.9850   0.9544   0.9183
   0.0000   0.0000   0.0000   0.7150   0.6982   0.8695   0.9815   0.9489   0.9155
   0.0000   0.0000   0.0000   0.7136   0.6975   0.8677   0.9780   0.9441   0.9125
   0.0000   0.0000   0.0000   0.7127   0.6966   0.8662   0.9750   0.9407   0.9090
   0.0000   0.0000   0.0000   0.7121   0.6957   0.8644   0.9727   0.9382   0.9064
   0.0000   0.0000   0.0000   0.7115   0.6945   0.8626   0.9710   0.9363   0.9038
   0.0000   0.0000   0.0000   0.7112   0.6917   0.8602   0.9681   0.9339   0.9013
   0.0000   0.0000   0.0000   0.7110   0.6887   0.8574   0.9642   0.9313   0.8988
   0.0000   0.0000   0.0000   0.7111   0.6871   0.8540   0.9602   0.9284   0.8947
   0.0000   0.0000   0.0000   0.7116   0.6859   0.8504   0.9564   0.9251   0.8901
   0.0000   0.0000   0.0000   0.7118   0.6850   0.8468   0.9536   0.9222   0.8846
   0.0000   0.0000   0.0000   0.7122   0.6841   0.8434   0.9523   0.9197   0.8779
   0.0000   0.0000   0.0000   0.7130   0.6835   0.8408   0.9515   0.9175   0.8707
   0.0000   0.0000   0.0000   0.7139   0.6829   0.8392   0.9504   0.9155   0.8644
   0.0000   0.0000   0.0000   0.7144   0.6822   0.8369   0.9486   0.9134   0.8604
   0.0000   0.0000   0.0000   0.7153   0.6818   0.8338   0.9451   0.9115   0.8594
   0.0000   0.0000   0.0000   0.7156   0.6811   0.8315   0.9414   0.9097   0.8575
   0.0000   0.0000   0.0000   0.7154   0.6798   0.8299   0.9380   0.9077   0.8548
   0.0000   0.0000   0.0000   0.7148   0.6782   0.8285   0.9341   0.9054   0.8516
   0.0000   0.0000   0.0000   0.7144   0.6775   0.8268   0.9290   0.9032   0.8475
   0.0000   0.0000   0.0000   0.7138   0.6770   0.8249   0.9235   0.9019   0.8426
   0.0000   0.0000   0.0000   0.7129   0.6763   0.8218   0.9182   0.9009   0.8373
   0.0000   0.0000   0.0000   0.7117   0.6755   0.8187   0.9125   0.9002   0.8322
   0.0000   0.0000   0.0000   0.7096   0.6743   0.8150   0.9080   0.8995   0.8278
   0.0000   0.0000   0.0000   0.7079   0.6733   0.8102   0.9046   0.8986   0.8240
   0.0000   0.0000   0.0000   0.7066   0.6713   0.8060   0.9004   0.8980   0.8211
   0.0000   0.0000   0.0000   0.7057   0.6673   0.8031   0.8948   0.8977   0.8183
   0.0000   0.0000   0.0000   0.7048   0.6633   0.8003   0.8899   0.8971   0.8157
   0.0000   0.0000   0.0000   0.7029   0.6598   0.7981   0.8858   0.8965   0.8134
   0.0000   0.0000   0.0000   0.7011   0.6564   0.7963   0.8827   0.8948   0.8105
   0.0000   0.0000   0.0000   0.6996   0.6541   0.7949   0.8794   0.8924   0.8077
   0.0000   0.0000   0.0000   0.6985   0.6527   0.7935   0.8753   0.8899   0.8052
   0.0000   0.0000   0.0000   0.6978   0.6512   0.7912   0.8718   0.8870   0.8017
   0.0000   0.0000   0.0000   0.6974   0.6494   0.7897   0.8689   0.8833   0.7974
   0.0000   0.0000   0.0000   0.6965   0.6478   0.7888   0.8667   0.8789   0.7937
   0.0000   0.0000   0.0000   0.6954   0.6468   0.7879   0.8649   0.8747   0.7906
   0.0000   0.0000   0.0000   0.6948   0.6461   0.7870   0.8628   0.8720   0.7863
   0.0000   0.0000   0.0000   0.6944   0.6454   0.7862   0.8614   0.8704   0.7833
   0.0000   0.0000   0.0000   0.6943   0.6443   0.7854   0.8597   0.8694   0.7811
   0.0000   0.0000   0.0000   0.6944   0.6434   0.7838   0.8562   0.8685   0.7794
   0.0000   0.0000   0.0000   0.6937   0.6425   0.7813   0.8523   0.8675   0.7792
   0.0000   0.0000   0.0000   0.6928   0.6421   0.7790   0.8495   0.8660   0.7795
   0.0000   0.0000   0.0000   0.6922   0.6416   0.7773   0.8470   0.8635   0.7788
   0.0000   0.0000   0.0000   0.6918   0.6410   0.7758   0.8445   0.8589   0.7771
   0.0000   0.0000   0.0000   0.6910   0.6398   0.7747   0.8418   0.8541   0.7752
   0.0000   0.0000   0.0000   0.6898   0.6388   0.7736   0.8390   0.8501   0.7731
   0.0000   0.0000   0.0000   0.6879   0.6378   0.7720   0.8365   0.8466   0.7708
   0.0000   0.0000   0.0000   0.6862   0.6371   0.7695   0.8346   0.8434   0.7683
   0.0000   0.0000   0.0000   0.6844   0.6361   0.7671   0.8332   0.8413   0.7659
   0.0000   0.0000   0.0000   0.6828   0.6353   0.7649   0.8319   0.8393   0.7642
   0.0000   0.0000   0.0000   0.6808   0.6347   0.7630   0.8302   0.8372   0.7622
   0.0000   0.0000   0.0000   0.6781   0.6339   0.7614   0.8284   0.8348   0.7602
   0.0000   0.0000   0.0000   0.6758   0.6334   0.7600   0.8266   0.8322   0.7588
   0.0000   0.0000   0.0000   0.6742   0.6329   0.7579   0.8247   0.8299   0.7573
   0.0000   0.0000   0.0000   0.6730   0.6319   0.7561   0.8227   0.8282   0.7560
   0.0000   0.0000   0.0000   0.6717   0.6295   0.7546   0.8201   0.8269   0.7551
   0.0000   0.0000   0.0000   0.6700   0.6274   0.7535   0.8173   0.8263   0.7536
   0.0000   0.0000   0.0000   0.6683   0.6251   0.7529   0.8145   0.8255   0.7519
   0.0000   0.0000   0.0000   0.6670   0.6217   0.7526   0.8117   0.8249   0.7507
   0.0000   0.0000   0.0000   0.6660   0.6186   0.7511   0.8095   0.8243   0.7487
   0.0000   0.0000   0.0000   0.6652   0.6166   0.7481   0.8072   0.8241   0.7474
   0.0000   0.0000   0.0000   0.6646   0.6149   0.7452   0.8055   0.8237   0.7452
   0.0000   0.0000   0.0000   0.6634   0.6131   0.7429   0.8039   0.8233   0.7424
   0.0000   0.0000   0.0000   0.6595   0.6114   0.7412   0.8027   0.8226   0.7406
   0.0000   0.0000   0.0000   0.6557   0.6104   0.7390   0.8018   0.8222   0.7397
   0.0000   0.0000   0.0000   0.6531   0.6097   0.7363   0.7987   0.8218   0.7390
   0.0000   0.0000   0.0000   0.6515   0.6090   0.7341   0.7953   0.8215   0.7389
   0.0000   0.0000   0.0000   0.6509   0.6082   0.7327   0.7926   0.8211   0.7393
   0.0000   0.0000   0.0000   0.6501   0.6080   0.7319   0.7905   0.8205   0.7396
   0.0000   0.0000   0.0000   0.6491   0.6077   0.7311   0.7886   0.8193   0.7398
   0.0000   0.0000   0.0000   0.6483   0.6069   0.7301   0.7868   0.8176   0.7393
   0.0000   0.0000   0.0000   0.6478   0.6066   0.7290   0.7849   0.8159   0.7388
   0.0000   0.0000   0.0000   0.6473   0.6062   0.7273   0.7829   0.8143   0.7377
   0.0000   0.0000   0.0000   0.6470   0.6057   0.7250   0.7814   0.8126   0.7361
   0.0000   0.0000   0.0000   0.6467   0.6050   0.7227   0.7794   0.8104   0.7353
   0.0000   0.0000   0.0000   0.6466   0.6036   0.7198   0.7775   0.8082   0.7354
   0.0000   0.0000   0.0000   0.6451   0.6023   0.7176   0.7765   0.8059   0.7353
   0.0000   0.0000   0.0000   0.6446   0.6013   0.7162   0.7760   0.8023   0.7345
   0.0000   0.0000   0.0000   0.6442   0.6001   0.7152   0.7756   0.7992   0.7316
   0.0000   0.0000   0.0000   0.6438   0.5989   0.7146   0.7751   0.7974   0.7273
   0.0000   0.0000   0.0000   0.6430   0.5976   0.0000   0.7739   0.7965   0.7240
   0.0000   0.0000   0.0000   0.6411   0.5966   0.0000   0.7714   0.7957   0.7231
   0.0000   0.0000   0.0000   0.6386   0.5962   0.0000   0.7697   0.7940   0.7226
   0.0000   0.0000   0.0000   0.6363   0.5958   0.0000   0.7686   0.7933   0.7208
   0.0000   0.0000   0.0000   0.6341   0.5951   0.0000   0.0000   0.7925   0.7184
   0.0000   0.0000   0.0000   0.6319   0.5945   0.0000   0.0000   0.0000   0.7173
   0.0000   0.0000   0.0000   0.6303   0.5940   0.0000   0.0000   0.0000   0.7164
   0.0000   0.0000   0.0000   0.0000   0.5930   0.0000   0.0000   0.0000   0.7170
   0.0000   0.0000   0.0000   0.0000   0.5929   0.0000   0.0000   0.0000   0.7166
   0.0000   0.0000   0.0000   0.0000   0.5927   0.0000   0.0000   0.0000   0.7142
   0.0000   0.0000   0.0000   0.0000   0.5923   0.0000   0.0000   0.0000   0.7125
   0.0000   0.0000   0.0000   0.0000   0.5919   0.0000   0.0000   0.0000   0.7103
   0.0000   0.0000   0.0000   0.0000   0.5915   0.0000   0.0000   0.0000   0.7083
   0.0000   0.0000   0.0000   0.0000   0.5899   0.0000   0.0000   0.0000   0.7084
   0.0000   0.0000   0.0000   0.0000   0.5886   0.0000   0.0000   0.0000   0.7088
   0.0000   0.0000   0.0000   0.0000   0.5877   0.0000   0.0000   0.0000   0.7097
   0.0000   0.0000   0.0000   0.0000   0.5865   0.0000   0.0000   0.0000   0.0000
   0.0000   0.0000   0.0000   0.0000   0.5848   0.0000   0.0000   0.0000   0.0000
   0.0000   0.0000   0.0000   0.0000   0.5831   0.0000   0.0000   0.0000   0.0000
   0.0000   0.0000   0.0000   0.0000   0.5811   0.0000   0.0000   0.0000   0.0000
   0.0000   0.0000   0.0000   0.0000   0.5801   0.0000   0.0000   0.0000   0.0000
   0.0000   0.0000   0.0000   0.0000   0.5793   0.0000   0.0000   0.0000   0.0000
   0.0000   0.0000   0.0000   0.0000   0.5770   0.0000   0.0000   0.0000   0.0000
   0.0000   0.0000   0.0000   0.0000   0.5742   0.0000   0.0000   0.0000   0.0000
   0.0000   0.0000   0.0000   0.0000   0.5723   0.0000   0.0000   0.0000   0.0000
   0.0000   0.0000   0.0000   0.0000   0.5706   0.0000   0.0000   0.0000   0.0000
   0.0000   0.0000   0.0000   0.0000   0.5683   0.0000   0.0000   0.0000   0.0000
   0.0000   0.0000   0.0000   0.0000   0.5665   0.0000   0.0000   0.0000   0.0000
   0.0000   0.0000   0.0000   0.0000   0.5661   0.0000   0.0000   0.0000   0.0000
   0.0000   0.0000   0.0000   0.0000   0.5661   0.0000   0.0000   0.0000   0.0000
   0.0000   0.0000   0.0000   0.0000   0.5655   0.0000   0.0000   0.0000   0.0000
   0.0000   0.0000   0.0000   0.0000   0.5648   0.0000   0.0000   0.0000   0.0000
   0.0000   0.0000   0.0000   0.0000   0.5632   0.0000   0.0000   0.0000   0.0000
   0.0000   0.0000   0.0000   0.0000   0.5612   0.0000   0.0000   0.0000   0.0000
   0.0000   0.0000   0.0000   0.0000   0.5595   0.0000   0.0000   0.0000   0.0000
   0.0000   0.0000   0.0000   0.0000   0.5581   0.0000   0.0000   0.0000   0.0000
   0.0000   0.0000   0.0000   0.0000   0.5576   0.0000   0.0000   0.0000   0.0000
   0.0000   0.0000   0.0000   0.0000   0.5565   0.0000   0.0000   0.0000   0.0000
   0.0000   0.0000   0.0000   0.0000   0.0000   0.0000   0.0000   0.0000   0.0000
   0.0000   0.0000   0.0000   0.0000   0.0000   0.0000   0.0000   0.0000   0.0000
   0.0000   0.0000   0.0000   0.0000   0.0000   0.0000   0.0000   0.0000   0.0000
   0.0000   0.0000   0.0000   0.0000   0.0000   0.0000   0.0000   0.0000   0.0000
   0.0000   0.0000   0.0000   0.0000   0.0000   0.0000   0.0000   0.0000   0.0000
   0.0000   0.0000   0.0000   0.0000   0.0000   0.0000   0.0000   0.0000   0.0000
   0.0000   0.0000   0.0000   0.0000   0.0000   0.0000   0.0000   0.0000   0.0000
   0.0000   0.0000   0.0000   0.0000   0.0000   0.0000   0.0000   0.0000   0.0000
   0.0000   0.0000   0.0000   0.0000   0.0000   0.0000   0.0000   0.0000   0.0000
   0.0000   0.0000   0.0000   0.0000   0.0000   0.0000   0.0000   0.0000   0.0000
   0.0000   0.0000   0.0000   0.0000   0.0000   0.0000   0.0000   0.0000   0.0000
   0.0000   0.0000   0.0000   0.0000   0.0000   0.0000   0.0000   0.0000   0.0000
   0.0000   0.0000   0.0000   0.0000   0.0000   0.0000   0.0000   0.0000   0.0000
   0.0000   0.0000   0.0000   0.0000   0.0000   0.0000   0.0000   0.0000   0.0000
   0.0000   0.0000   0.0000   0.0000   0.0000   0.0000   0.0000   0.0000   0.0000
   0.0000   0.0000   0.0000   0.0000   0.0000   0.0000   0.0000   0.0000   0.0000
   0.0000   0.0000   0.0000   0.0000   0.0000   0.0000   0.0000   0.0000   0.0000
   0.0000   0.0000   0.0000   0.0000   0.0000   0.0000   0.0000   0.0000   0.0000
   0.0000   0.0000   0.0000   0.0000   0.0000   0.0000   0.0000   0.0000   0.0000
   0.0000   0.0000   0.0000   0.0000   0.0000   0.0000   0.0000   0.0000   0.0000
   0.0000   0.0000   0.0000   0.0000   0.0000   0.0000   0.0000   0.0000   0.0000
   0.0000   0.0000   0.0000   0.0000   0.0000   0.0000   0.0000   0.0000   0.0000
   0.0000   0.0000   0.0000   0.0000   0.0000   0.0000   0.0000   0.0000   0.0000
   0.0000   0.0000   0.0000   0.0000   0.0000   0.0000   0.0000   0.0000   0.0000
   0.0000   0.0000   0.0000   0.0000   0.0000   0.0000   0.0000   0.0000   0.0000
   0.0000   0.0000   0.0000   0.0000   0.0000   0.0000   0.0000   0.0000   0.0000
   0.0000   0.0000   0.0000   0.0000   0.0000   0.0000   0.0000   0.0000   0.0000
   0.0000   0.0000   0.0000   0.0000   0.0000   0.0000   0.0000   0.0000   0.0000
   0.0000   0.0000   0.0000   0.0000   0.0000   0.0000   0.0000   0.0000   0.0000
   0.0000   0.0000   0.0000   0.0000   0.0000   0.0000   0.0000   0.0000   0.0000
   0.0000   0.0000   0.0000   0.0000   0.0000   0.0000   0.0000   0.0000   0.0000
   0.0000   0.0000   0.0000   0.0000   0.0000   0.0000   0.0000   0.0000   0.0000
   0.0000   0.0000   0.0000   0.0000   0.0000   0.0000   0.0000   0.0000   0.0000
   0.0000   0.0000   0.0000   0.0000   0.0000   0.0000   0.0000   0.0000   0.0000
   0.0000   0.0000   0.0000   0.0000   0.0000   0.0000   0.0000   0.0000   0.0000
   0.0000   0.0000   0.0000   0.0000   0.0000   0.0000   0.0000   0.0000   0.0000
   0.0000   0.0000   0.0000   0.0000   0.0000   0.0000   0.0000   0.0000   0.0000
   0.0000   0.0000   0.0000   0.0000   0.0000   0.0000   0.0000   0.0000   0.0000
   0.0000   0.0000   0.0000   0.0000   0.0000   0.0000   0.0000   0.0000   0.0000
   0.0000   0.0000   0.0000   0.0000   0.0000   0.0000   0.0000   0.0000   0.0000
   0.0000   0.0000   0.0000   0.0000   0.0000   0.0000   0.0000   0.0000   0.0000
   0.0000   0.0000   0.0000   0.0000   0.0000   0.0000   0.0000   0.0000   0.0000
   0.0000   0.0000   0.0000   0.0000   0.0000   0.0000   0.0000   0.0000   0.0000
   0.0000   0.0000   0.0000   0.0000   0.0000   0.0000   0.0000   0.0000   0.0000
   0.0000   0.0000   0.0000   0.0000   0.0000   0.0000   0.0000   0.0000   0.0000
   0.0000   0.0000   0.0000   0.0000   0.0000   0.0000   0.0000   0.0000   0.0000
   0.0000   0.0000   0.0000   0.0000   0.0000   0.0000   0.0000   0.0000   0.0000
   0.0000   0.0000   0.0000   0.0000   0.0000   0.0000   0.0000   0.0000   0.0000
   0.0000   0.0000   0.0000   0.0000   0.0000   0.0000   0.0000   0.0000   0.0000
   0.0000   0.0000   0.0000   0.0000   0.0000   0.0000   0.0000   0.0000   0.0000
   0.0000   0.0000   0.0000   0.0000   0.0000   0.0000   0.0000   0.0000   0.0000
   0.0000   0.0000   0.0000   0.0000   0.0000   0.0000   0.0000   0.0000   0.0000
   0.0000   0.0000   0.0000   0.0000   0.0000   0.0000   0.0000   0.0000   0.0000
   0.0000   0.0000   0.0000   0.0000   0.0000   0.0000   0.0000   0.0000   0.0000
   0.0000   0.0000   0.0000   0.0000   0.0000   0.0000   0.0000   0.0000   0.0000
   0.0000   0.0000   0.0000   0.0000   0.0000   0.0000   0.0000   0.0000   0.0000
   0.0000   0.0000   0.0000   0.0000   0.0000   0.0000   0.0000   0.0000   0.0000
   0.0000   0.0000   0.0000   0.0000   0.0000   0.0000   0.0000   0.0000   0.0000
   0.0000   0.0000   0.0000   0.0000   0.0000   0.0000   0.0000   0.0000   0.0000
   0.0000   0.0000   0.0000   0.0000   0.0000   0.0000   0.0000   0.0000   0.0000
   0.0000   0.0000   0.0000   0.0000   0.0000   0.0000   0.0000   0.0000   0.0000
   0.0000   0.0000   0.0000   0.0000   0.0000   0.0000   0.0000   0.0000   0.0000
   0.0000   0.0000   0.0000   0.0000   0.0000   0.0000   0.0000   0.0000   0.0000
   0.0000   0.0000   0.0000   0.0000   0.0000   0.0000   0.0000   0.0000   0.0000
   0.0000   0.0000   0.0000   0.0000   0.0000   0.0000   0.0000   0.0000   0.0000
   0.0000   0.0000   0.0000   0.0000   0.0000   0.0000   0.0000   0.0000   0.0000
   0.0000   0.0000   0.0000   0.0000   0.0000   0.0000   0.0000   0.0000   0.0000
   0.0000   0.0000   0.0000   0.0000   0.0000   0.0000   0.0000   0.0000   0.0000
   0.0000   0.0000   0.0000   0.0000   0.0000   0.0000   0.0000   0.0000   0.0000
   0.0000   0.0000   0.0000   0.0000   0.0000   0.0000   0.0000   0.0000   0.0000
   0.0000   0.0000   0.0000   0.0000   0.0000   0.0000   0.0000   0.0000   0.0000
   0.0000   0.0000   0.0000   0.0000   0.0000   0.0000   0.0000   0.0000   0.0000
   0.0000   0.0000   0.0000   0.0000   0.0000   0.0000   0.0000   0.0000   0.0000
   0.0000   0.0000   0.0000   0.0000   0.0000   0.0000   0.0000   0.0000   0.0000
   0.0000   0.0000   0.0000   0.0000   0.0000   0.0000   0.0000   0.0000   0.0000
   0.0000   0.0000   0.0000   0.0000   0.0000   0.0000   0.0000   0.0000   0.0000
   0.0000   0.0000   0.0000   0.0000   0.0000   0.0000   0.0000   0.0000   0.0000
   0.0000   0.0000   0.0000   0.0000   0.0000   0.0000   0.0000   0.0000   0.0000
   0.0000   0.0000   0.0000   0.0000   0.0000   0.0000   0.0000   0.0000   0.0000
   0.0000   0.0000   0.0000   0.0000   0.0000   0.0000   0.0000   0.0000   0.0000
   0.0000   0.0000   0.0000   0.0000   0.0000   0.0000   0.0000   0.0000   0.0000
   0.0000   0.0000   0.0000   0.0000   0.0000   0.0000   0.0000   0.0000   0.0000
   0.0000   0.0000   0.0000   0.0000   0.0000   0.0000   0.0000   0.0000   0.0000
   0.0000   0.0000   0.0000   0.0000   0.0000   0.0000   0.0000   0.0000   0.0000
   0.0000   0.0000   0.0000   0.0000   0.0000   0.0000   0.0000   0.0000   0.0000
   0.0000   0.0000   0.0000   0.0000   0.0000   0.0000   0.0000   0.0000   0.0000
   0.0000   0.0000   0.0000   0.0000   0.0000   0.0000   0.0000   0.0000   0.0000
   0.0000   0.0000   0.0000   0.0000   0.0000   0.0000   0.0000   0.0000   0.0000
   0.0000   0.0000   0.0000   0.0000   0.0000   0.0000   0.0000   0.0000   0.0000
   0.0000   0.0000   0.0000   0.0000   0.0000   0.0000   0.0000   0.0000   0.0000
   0.0000   0.0000   0.0000   0.0000   0.0000   0.0000   0.0000   0.0000   0.0000
   0.0000   0.0000   0.0000   0.0000   0.0000   0.0000   0.0000   0.0000   0.0000
   0.0000   0.0000   0.0000   0.0000   0.0000   0.0000   0.0000   0.0000   0.0000
   0.0000   0.0000   0.0000   0.0000   0.0000   0.0000   0.0000   0.0000   0.0000
   0.0000   0.0000   0.0000   0.0000   0.0000   0.0000   0.0000   0.0000   0.0000
   0.0000   0.0000   0.0000   0.0000   0.0000   0.0000   0.0000   0.0000   0.0000
   0.0000   0.0000   0.0000   0.0000   0.0000   0.0000   0.0000   0.0000   0.0000
   0.0000   0.0000   0.0000   0.0000   0.0000   0.0000   0.0000   0.0000   0.0000
   0.0000   0.0000   0.0000   0.0000   0.0000   0.0000   0.0000   0.0000   0.0000
   0.0000   0.0000   0.0000   0.0000   0.0000   0.0000   0.0000   0.0000   0.0000
   0.0000   0.0000   0.0000   0.0000   0.0000   0.0000   0.0000   0.0000   0.0000
   0.0000   0.0000   0.0000   0.0000   0.0000   0.0000   0.0000   0.0000   0.0000
   0.0000   0.0000   0.0000   0.0000   0.0000   0.0000   0.0000   0.0000   0.0000
   0.0000   0.0000   0.0000   0.0000   0.0000   0.0000   0.0000   0.0000   0.0000
   0.0000   0.0000   0.0000   0.0000   0.0000   0.0000   0.0000   0.0000   0.0000
   0.0000   0.0000   0.0000   0.0000   0.0000   0.0000   0.0000   0.0000   0.0000
   0.0000   0.0000   0.0000   0.0000   0.0000   0.0000   0.0000   0.0000   0.0000
   0.0000   0.0000   0.0000   0.0000   0.0000   0.0000   0.0000   0.0000   0.0000
   0.0000   0.0000   0.0000   0.0000   0.0000   0.0000   0.0000   0.0000   0.0000
   0.0000   0.0000   0.0000   0.0000   0.0000   0.0000   0.0000   0.0000   0.0000
   0.0000   0.0000   0.0000   0.0000   0.0000   0.0000   0.0000   0.0000   0.0000
   0.0000   0.0000   0.0000   0.0000   0.0000   0.0000   0.0000   0.0000   0.0000
   0.0000   0.0000   0.0000   0.0000   0.0000   0.0000   0.0000   0.0000   0.0000
   0.0000   0.0000   0.0000   0.0000   0.0000   0.0000   0.0000   0.0000   0.0000
   0.0000   0.0000   0.0000   0.0000   0.0000   0.0000   0.0000   0.0000   0.0000
   0.0000   0.0000   0.0000   0.0000   0.0000   0.0000   0.0000   0.0000   0.0000
   0.0000   0.0000   0.0000   0.0000   0.0000   0.0000   0.0000   0.0000   0.0000
   0.0000   0.0000   0.0000   0.0000   0.0000   0.0000   0.0000   0.0000   0.0000
   0.0000   0.0000   0.0000   0.0000   0.0000   0.0000   0.0000   0.0000   0.0000
   0.0000   0.0000   0.0000   0.0000   0.0000   0.0000   0.0000   0.0000   0.0000
   0.0000   0.0000   0.0000   0.0000   0.0000   0.0000   0.0000   0.0000   0.0000
   0.0000   0.0000   0.0000   0.0000   0.0000   0.0000   0.0000   0.0000   0.0000
   0.0000   0.0000   0.0000   0.0000   0.0000   0.0000   0.0000   0.0000   0.0000
   0.0000   0.0000   0.0000   0.0000   0.0000   0.0000   0.0000   0.0000   0.0000
   0.0000   0.0000   0.0000   0.0000   0.0000   0.0000   0.0000   0.0000   0.0000
   0.0000   0.0000   0.0000   0.0000   0.0000   0.0000   0.0000   0.0000   0.0000
   0.0000   0.0000   0.0000   0.0000   0.0000   0.0000   0.0000   0.0000   0.0000
   0.0000   0.0000   0.0000   0.0000   0.0000   0.0000   0.0000   0.0000   0.0000
   0.0000   0.0000   0.0000   0.0000   0.0000   0.0000   0.0000   0.0000   0.0000
   0.0000   0.0000   0.0000   0.0000   0.0000   0.0000   0.0000   0.0000   0.0000
   0.0000   0.0000   0.0000   0.0000   0.0000   0.0000   0.0000   0.0000   0.0000
   0.0000   0.0000   0.0000   0.0000   0.0000   0.0000   0.0000   0.0000   0.0000
   0.0000   0.0000   0.0000   0.0000   0.0000   0.0000   0.0000   0.0000   0.0000
   0.0000   0.0000   0.0000   0.0000   0.0000   0.0000   0.0000   0.0000   0.0000
   0.0000   0.0000   0.0000   0.0000   0.0000   0.0000   0.0000   0.0000   0.0000
   0.0000   0.0000   0.0000   0.0000   0.0000   0.0000   0.0000   0.0000   0.0000
   0.0000   0.0000   0.0000   0.0000   0.0000   0.0000   0.0000   0.0000   0.0000
   0.0000   0.0000   0.0000   0.0000   0.0000   0.0000   0.0000   0.0000   0.0000
   0.0000   0.0000   0.0000   0.0000   0.0000   0.0000   0.0000   0.0000   0.0000
   0.0000   0.0000   0.0000   0.0000   0.0000   0.0000   0.0000   0.0000   0.0000
   0.0000   0.0000   0.0000   0.0000   0.0000   0.0000   0.0000   0.0000   0.0000
   0.0000   0.0000   0.0000   0.0000   0.0000   0.0000   0.0000   0.0000   0.0000
   0.0000   0.0000   0.0000   0.0000   0.0000   0.0000   0.0000   0.0000   0.0000
   0.0000   0.0000   0.0000   0.0000   0.0000   0.0000   0.0000   0.0000   0.0000
   0.0000   0.0000   0.0000   0.0000   0.0000   0.0000   0.0000   0.0000   0.0000
   0.0000   0.0000   0.0000   0.0000   0.0000   0.0000   0.0000   0.0000   0.0000
   0.0000   0.0000   0.0000   0.0000   0.0000   0.0000   0.0000   0.0000   0.0000
   0.0000   0.0000   0.0000   0.0000   0.0000   0.0000   0.0000   0.0000   0.0000
   0.0000   0.0000   0.0000   0.0000   0.0000   0.0000   0.0000   0.0000   0.0000
   0.0000   0.0000   0.0000   0.0000   0.0000   0.0000   0.0000   0.0000   0.0000
   0.0000   0.0000   0.0000   0.0000   0.0000   0.0000   0.0000   0.0000   0.0000
   0.0000   0.0000   0.0000   0.0000   0.0000   0.0000   0.0000   0.0000   0.0000
   0.0000   0.0000   0.0000   0.0000   0.0000   0.0000   0.0000   0.0000   0.0000
   0.0000   0.0000   0.0000   0.0000   0.0000   0.0000   0.0000   0.0000   0.0000
   0.0000   0.0000   0.0000   0.0000   0.0000   0.0000   0.0000   0.0000   0.0000
   0.0000   0.0000   0.0000   0.0000   0.0000   0.0000   0.0000   0.0000   0.0000
   0.0000   0.0000   0.0000   0.0000   0.0000   0.0000   0.0000   0.0000   0.0000
   0.0000   0.0000   0.0000   0.0000   0.0000   0.0000   0.0000   0.0000   0.0000
   0.0000   0.0000   0.0000   0.0000   0.0000   0.0000   0.0000   0.0000   0.0000
   0.0000   0.0000   0.0000   0.0000   0.0000   0.0000   0.0000   0.0000   0.0000
   0.0000   0.0000   0.0000   0.0000   0.0000   0.0000   0.0000   0.0000   0.0000
   0.0000   0.0000   0.0000   0.0000   0.0000   0.0000   0.0000   0.0000   0.0000
   0.0000   0.0000   0.0000   0.0000   0.0000   0.0000   0.0000   0.0000   0.0000
   0.0000   0.0000   0.0000   0.0000   0.0000   0.0000   0.0000   0.0000   0.0000
   0.0000   0.0000   0.0000   0.0000   0.0000   0.0000   0.0000   0.0000   0.0000
   0.0000   0.0000   0.0000   0.0000   0.0000   0.0000   0.0000   0.0000   0.0000
   0.0000   0.0000   0.0000   0.0000   0.0000   0.0000   0.0000   0.0000   0.0000
   0.0000   0.0000   0.0000   0.0000   0.0000   0.0000   0.0000   0.0000   0.0000
   0.0000   0.0000   0.0000   0.0000   0.0000   0.0000   0.0000   0.0000   0.0000
   0.0000   0.0000   0.0000   0.0000   0.0000   0.0000   0.0000   0.0000   0.0000
   0.0000   0.0000   0.0000   0.0000   0.0000   0.0000   0.0000   0.0000   0.0000
   0.0000   0.0000   0.0000   0.0000   0.0000   0.0000   0.0000   0.0000   0.0000
   0.0000   0.0000   0.0000   0.0000   0.0000   0.0000   0.0000   0.0000   0.0000
   0.0000   0.0000   0.0000   0.0000   0.0000   0.0000   0.0000   0.0000   0.0000
   0.0000   0.0000   0.0000   0.0000   0.0000   0.0000   0.0000   0.0000   0.0000
   0.0000   0.0000   0.0000   0.0000   0.0000   0.0000   0.0000   0.0000   0.0000
   0.0000   0.0000   0.0000   0.0000   0.0000   0.0000   0.0000   0.0000   0.0000
   0.0000   0.0000   0.0000   0.0000   0.0000   0.0000   0.0000   0.0000   0.0000
   0.0000   0.0000   0.0000   0.0000   0.0000   0.0000   0.0000   0.0000   0.0000
   0.0000   0.0000   0.0000   0.0000   0.0000   0.0000   0.0000   0.0000   0.0000
   0.0000   0.0000   0.0000   0.0000   0.0000   0.0000   0.0000   0.0000   0.0000
   0.0000   0.0000   0.0000   0.0000   0.0000   0.0000   0.0000   0.0000   0.0000
   0.0000   0.0000   0.0000   0.0000   0.0000   0.0000   0.0000   0.0000   0.0000
   0.0000   0.0000   0.0000   0.0000   0.0000   0.0000   0.0000   0.0000   0.0000
   0.0000   0.0000   0.0000   0.0000   0.0000   0.0000   0.0000   0.0000   0.0000
   0.0000   0.0000   0.0000   0.0000   0.0000   0.0000   0.0000   0.0000   0.0000
   0.0000   0.0000   0.0000   0.0000   0.0000   0.0000   0.0000   0.0000   0.0000
   0.0000   0.0000   0.0000   0.0000   0.0000   0.0000   0.0000   0.0000   0.0000
   0.0000   0.0000   0.0000   0.0000   0.0000   0.0000   0.0000   0.0000   0.0000
   0.0000   0.0000   0.0000   0.0000   0.0000   0.0000   0.0000   0.0000   0.0000
   0.0000   0.0000   0.0000   0.0000   0.0000   0.0000   0.0000   0.0000   0.0000
   0.0000   0.0000   0.0000   0.0000   0.0000   0.0000   0.0000   0.0000   0.0000
   0.0000   0.0000   0.0000   0.0000   0.0000   0.0000   0.0000   0.0000   0.0000
   0.0000   0.0000   0.0000   0.0000   0.0000   0.0000   0.0000   0.0000   0.0000
   0.0000   0.0000   0.0000   0.0000   0.0000   0.0000   0.0000   0.0000   0.0000
   0.0000   0.0000   0.0000   0.0000   0.0000   0.0000   0.0000   0.0000   0.0000
   0.0000   0.0000   0.0000   0.0000   0.0000   0.0000   0.0000   0.0000   0.0000
   0.0000   0.0000   0.0000   0.0000   0.0000   0.0000   0.0000   0.0000   0.0000
   0.0000   0.0000   0.0000   0.0000   0.0000   0.0000   0.0000   0.0000   0.0000
   0.0000   0.0000   0.0000   0.0000   0.0000   0.0000   0.0000   0.0000   0.0000
   0.0000   0.0000   0.0000   0.0000   0.0000   0.0000   0.0000   0.0000   0.0000
   0.0000   0.0000   0.0000   0.0000   0.0000   0.0000   0.0000   0.0000   0.0000
   0.0000   0.0000   0.0000   0.0000   0.0000   0.0000   0.0000   0.0000   0.0000
   0.0000   0.0000   0.0000   0.0000   0.0000   0.0000   0.0000   0.0000   0.0000
   0.0000   0.0000   0.0000   0.0000   0.0000   0.0000   0.0000   0.0000   0.0000
   0.0000   0.0000   0.0000   0.0000   0.0000   0.0000   0.0000   0.0000   0.0000
   0.0000   0.0000   0.0000   0.0000   0.0000   0.0000   0.0000   0.0000   0.0000
   0.0000   0.0000   0.0000   0.0000   0.0000   0.0000   0.0000   0.0000   0.0000
   0.0000   0.0000   0.0000   0.0000   0.0000   0.0000   0.0000   0.0000   0.0000
   0.0000   0.0000   0.0000   0.0000   0.0000   0.0000   0.0000   0.0000   0.0000
   0.0000   0.0000   0.0000   0.0000   0.0000   0.0000   0.0000   0.0000   0.0000
   0.0000   0.0000   0.0000   0.0000   0.0000   0.0000   0.0000   0.0000   0.0000
   0.0000   0.0000   0.0000   0.0000   0.0000   0.0000   0.0000   0.0000   0.0000
   0.0000   0.0000   0.0000   0.0000   0.0000   0.0000   0.0000   0.0000   0.0000
   0.0000   0.0000   0.0000   0.0000   0.0000   0.0000   0.0000   0.0000   0.0000
   0.0000   0.0000   0.0000   0.0000   0.0000   0.0000   0.0000   0.0000   0.0000
   0.0000   0.0000   0.0000   0.0000   0.0000   0.0000   0.0000   0.0000   0.0000
   0.0000   0.0000   0.0000   0.0000   0.0000   0.0000   0.0000   0.0000   0.0000
   0.0000   0.0000   0.0000   0.0000   0.0000   0.0000   0.0000   0.0000   0.0000
   0.0000   0.0000   0.0000   0.0000   0.0000   0.0000   0.0000   0.0000   0.0000
   0.0000   0.0000   0.0000   0.0000   0.0000   0.0000   0.0000   0.0000   0.0000
   0.0000   0.0000   0.0000   0.0000   0.0000   0.0000   0.0000   0.0000   0.0000
   0.0000   0.0000   0.0000   0.0000   0.0000   0.0000   0.0000   0.0000   0.0000
   0.0000   0.0000   0.0000   0.0000   0.0000   0.0000   0.0000   0.0000   0.0000
   0.0000   0.0000   0.0000   0.0000   0.0000   0.0000   0.0000   0.0000   0.0000
   0.0000   0.0000   0.0000   0.0000   0.0000   0.0000   0.0000   0.0000   0.0000
   0.0000   0.0000   0.0000   0.0000   0.0000   0.0000   0.0000   0.0000   0.0000
   0.0000   0.0000   0.0000   0.0000   0.0000   0.0000   0.0000   0.0000   0.0000
   0.0000   0.0000   0.0000   0.0000   0.0000   0.0000   0.0000   0.0000   0.0000
   0.0000   0.0000   0.0000   0.0000   0.0000   0.0000   0.0000   0.0000   0.0000
   0.0000   0.0000   0.0000   0.0000   0.0000   0.0000   0.0000   0.0000   0.0000
   0.0000   0.0000   0.0000   0.0000   0.0000   0.0000   0.0000   0.0000   0.0000
   0.0000   0.0000   0.0000   0.0000   0.0000   0.0000   0.0000   0.0000   0.0000
   0.0000   0.0000   0.0000   0.0000   0.0000   0.0000   0.0000   0.0000   0.0000
   0.0000   0.0000   0.0000   0.0000   0.0000   0.0000   0.0000   0.0000   0.0000
   0.0000   0.0000   0.0000   0.0000   0.0000   0.0000   0.0000   0.0000   0.0000
   0.0000   0.0000   0.0000   0.0000   0.0000   0.0000   0.0000   0.0000   0.0000
   0.0000   0.0000   0.0000   0.0000   0.0000   0.0000   0.0000   0.0000   0.0000
   0.0000   0.0000   0.0000   0.0000   0.0000   0.0000   0.0000   0.0000   0.0000
   0.0000   0.0000   0.0000   0.0000   0.0000   0.0000   0.0000   0.0000   0.0000
   0.0000   0.0000   0.0000   0.0000   0.0000   0.0000   0.0000   0.0000   0.0000
   0.0000   0.0000   0.0000   0.0000   0.0000   0.0000   0.0000   0.0000   0.0000
   0.0000   0.0000   0.0000   0.0000   0.0000   0.0000   0.0000   0.0000   0.0000
   0.0000   0.0000   0.0000   0.0000   0.0000   0.0000   0.0000   0.0000   0.0000
   0.0000   0.0000   0.0000   0.0000   0.0000   0.0000   0.0000   0.0000   0.0000
   0.0000   0.0000   0.0000   0.0000   0.0000   0.0000   0.0000   0.0000   0.0000
   0.0000   0.0000   0.0000   0.0000   0.0000   0.0000   0.0000   0.0000   0.0000
   0.0000   0.0000   0.0000   0.0000   0.0000   0.0000   0.0000   0.0000   0.0000
   0.0000   0.0000   0.0000   0.0000   0.0000   0.0000   0.0000   0.0000   0.0000
   0.0000   0.0000   0.0000   0.0000   0.0000   0.0000   0.0000   0.0000   0.0000
   0.0000   0.0000   0.0000   0.0000   0.0000   0.0000   0.0000   0.0000   0.0000
   0.0000   0.0000   0.0000   0.0000   0.0000   0.0000   0.0000   0.0000   0.0000
   0.0000   0.0000   0.0000   0.0000   0.0000   0.0000   0.0000   0.0000   0.0000
   0.0000   0.0000   0.0000   0.0000   0.0000   0.0000   0.0000   0.0000   0.0000
   0.0000   0.0000   0.0000   0.0000   0.0000   0.0000   0.0000   0.0000   0.0000
   0.0000   0.0000   0.0000   0.0000   0.0000   0.0000   0.0000   0.0000   0.0000
   0.0000   0.0000   0.0000   0.0000   0.0000   0.0000   0.0000   0.0000   0.0000
   0.0000   0.0000   0.0000   0.0000   0.0000   0.0000   0.0000   0.0000   0.0000
   0.0000   0.0000   0.0000   0.0000   0.0000   0.0000   0.0000   0.0000   0.0000
   0.0000   0.0000   0.0000   0.0000   0.0000   0.0000   0.0000   0.0000   0.0000
   0.0000   0.0000   0.0000   0.0000   0.0000   0.0000   0.0000   0.0000   0.0000
   0.0000   0.0000   0.0000   0.0000   0.0000   0.0000   0.0000   0.0000   0.0000
   0.0000   0.0000   0.0000   0.0000   0.0000   0.0000   0.0000   0.0000   0.0000
   0.0000   0.0000   0.0000   0.0000   0.0000   0.0000   0.0000   0.0000   0.0000
   0.0000   0.0000   0.0000   0.0000   0.0000   0.0000   0.0000   0.0000   0.0000
   0.0000   0.0000   0.0000   0.0000   0.0000   0.0000   0.0000   0.0000   0.0000
   0.0000   0.0000   0.0000   0.0000   0.0000   0.0000   0.0000   0.0000   0.0000
   0.0000   0.0000   0.0000   0.0000   0.0000   0.0000   0.0000   0.0000   0.0000
   0.0000   0.0000   0.0000   0.0000   0.0000   0.0000   0.0000   0.0000   0.0000
   0.0000   0.0000   0.0000   0.0000   0.0000   0.0000   0.0000   0.0000   0.0000
   0.0000   0.0000   0.0000   0.0000   0.0000   0.0000   0.0000   0.0000   0.0000
   0.0000   0.0000   0.0000   0.0000   0.0000   0.0000   0.0000   0.0000   0.0000
   0.0000   0.0000   0.0000   0.0000   0.0000   0.0000   0.0000   0.0000   0.0000
   0.0000   0.0000   0.0000   0.0000   0.0000   0.0000   0.0000   0.0000   0.0000
   0.0000   0.0000   0.0000   0.0000   0.0000   0.0000   0.0000   0.0000   0.0000
   0.0000   0.0000   0.0000   0.0000   0.0000   0.0000   0.0000   0.0000   0.0000
   0.0000   0.0000   0.0000   0.0000   0.0000   0.0000   0.0000   0.0000   0.0000
   0.0000   0.0000   0.0000   0.0000   0.0000   0.0000   0.0000   0.0000   0.0000
   0.0000   0.0000   0.0000   0.0000   0.0000   0.0000   0.0000   0.0000   0.0000
   0.0000   0.0000   0.0000   0.0000   0.0000   0.0000   0.0000   0.0000   0.0000
   0.0000   0.0000   0.0000   0.0000   0.0000   0.0000   0.0000   0.0000   0.0000
   0.0000   0.0000   0.0000   0.0000   0.0000   0.0000   0.0000   0.0000   0.0000
   0.0000   0.0000   0.0000   0.0000   0.0000   0.0000   0.0000   0.0000   0.0000
   0.0000   0.0000   0.0000   0.0000   0.0000   0.0000   0.0000   0.0000   0.0000
   0.0000   0.0000   0.0000   0.0000   0.0000   0.0000   0.0000   0.0000   0.0000
   0.0000   0.0000   0.0000   0.0000   0.0000   0.0000   0.0000   0.0000   0.0000
   0.0000   0.0000   0.0000   0.0000   0.0000   0.0000   0.0000   0.0000   0.0000
   0.0000   0.0000   0.0000   0.0000   0.0000   0.0000   0.0000   0.0000   0.0000
   0.0000   0.0000   0.0000   0.0000   0.0000   0.0000   0.0000   0.0000   0.0000
   0.0000   0.0000   0.0000   0.0000   0.0000   0.0000   0.0000   0.0000   0.0000
   0.0000   0.0000   0.0000   0.0000   0.0000   0.0000   0.0000   0.0000   0.0000
   0.0000   0.0000   0.0000   0.0000   0.0000   0.0000   0.0000   0.0000   0.0000
   0.0000   0.0000   0.0000   0.0000   0.0000   0.0000   0.0000   0.0000   0.0000
   0.0000   0.0000   0.0000   0.0000   0.0000   0.0000   0.0000   0.0000   0.0000
   0.0000   0.0000   0.0000   0.0000   0.0000   0.0000   0.0000   0.0000   0.0000
   0.0000   0.0000   0.0000   0.0000   0.0000   0.0000   0.0000   0.0000   0.0000
   0.0000   0.0000   0.0000   0.0000   0.0000   0.0000   0.0000   0.0000   0.0000
   0.0000   0.0000   0.0000   0.0000   0.0000   0.0000   0.0000   0.0000   0.0000
   0.0000   0.0000   0.0000   0.0000   0.0000   0.0000   0.0000   0.0000   0.0000
   0.0000   0.0000   0.0000   0.0000   0.0000   0.0000   0.0000   0.0000   0.0000
   0.0000   0.0000   0.0000   0.0000   0.0000   0.0000   0.0000   0.0000   0.0000
   0.0000   0.0000   0.0000   0.0000   0.0000   0.0000   0.0000   0.0000   0.0000
   0.0000   0.0000   0.0000   0.0000   0.0000   0.0000   0.0000   0.0000   0.0000
   0.0000   0.0000   0.0000   0.0000   0.0000   0.0000   0.0000   0.0000   0.0000
   0.0000   0.0000   0.0000   0.0000   0.0000   0.0000   0.0000   0.0000   0.0000
   0.0000   0.0000   0.0000   0.0000   0.0000   0.0000   0.0000   0.0000   0.0000
   0.0000   0.0000   0.0000   0.0000   0.0000   0.0000   0.0000   0.0000   0.0000
   0.0000   0.0000   0.0000   0.0000   0.0000   0.0000   0.0000   0.0000   0.0000
   0.0000   0.0000   0.0000   0.0000   0.0000   0.0000   0.0000   0.0000   0.0000
   0.0000   0.0000   0.0000   0.0000   0.0000   0.0000   0.0000   0.0000   0.0000
   0.0000   0.0000   0.0000   0.0000   0.0000   0.0000   0.0000   0.0000   0.0000
   0.0000   0.0000   0.0000   0.0000   0.0000   0.0000   0.0000   0.0000   0.0000
   0.0000   0.0000   0.0000   0.0000   0.0000   0.0000   0.0000   0.0000   0.0000
   0.0000   0.0000   0.0000   0.0000   0.0000   0.0000   0.0000   0.0000   0.0000
   0.0000   0.0000   0.0000   0.0000   0.0000   0.0000   0.0000   0.0000   0.0000
   0.0000   0.0000   0.0000   0.0000   0.0000   0.0000   0.0000   0.0000   0.0000
   0.0000   0.0000   0.0000   0.0000   0.0000   0.0000   0.0000   0.0000   0.0000
   0.0000   0.0000   0.0000   0.0000   0.0000   0.0000   0.0000   0.0000   0.0000
   0.0000   0.0000   0.0000   0.0000   0.0000   0.0000   0.0000   0.0000   0.0000
   0.0000   0.0000   0.0000   0.0000   0.0000   0.0000   0.0000   0.0000   0.0000
   0.0000   0.0000   0.0000   0.0000   0.0000   0.0000   0.0000   0.0000   0.0000
   0.0000   0.0000   0.0000   0.0000   0.0000   0.0000   0.0000   0.0000   0.0000
   0.0000   0.0000   0.0000   0.0000   0.0000   0.0000   0.0000   0.0000   0.0000
   0.0000   0.0000   0.0000   0.0000   0.0000   0.0000   0.0000   0.0000   0.0000
   0.0000   0.0000   0.0000   0.0000   0.0000   0.0000   0.0000   0.0000   0.0000
   0.0000   0.0000   0.0000   0.0000   0.0000   0.0000   0.0000   0.0000   0.0000
   0.0000   0.0000   0.0000   0.0000   0.0000   0.0000   0.0000   0.0000   0.0000
   0.0000   0.0000   0.0000   0.0000   0.0000   0.0000   0.0000   0.0000   0.0000
   0.0000   0.0000   0.0000   0.0000   0.0000   0.0000   0.0000   0.0000   0.0000
   0.0000   0.0000   0.0000   0.0000   0.0000   0.0000   0.0000   0.0000   0.0000
   0.0000   0.0000   0.0000   0.0000   0.0000   0.0000   0.0000   0.0000   0.0000
   0.0000   0.0000   0.0000   0.0000   0.0000   0.0000   0.0000   0.0000   0.0000
   0.0000   0.0000   0.0000   0.0000   0.0000   0.0000   0.0000   0.0000   0.0000
   0.0000   0.0000   0.0000   0.0000   0.0000   0.0000   0.0000   0.0000   0.0000
   0.0000   0.0000   0.0000   0.0000   0.0000   0.0000   0.0000   0.0000   0.0000
   0.0000   0.0000   0.0000   0.0000   0.0000   0.0000   0.0000   0.0000   0.0000
   0.0000   0.0000   0.0000   0.0000   0.0000   0.0000   0.0000   0.0000   0.0000
   0.0000   0.0000   0.0000   0.0000   0.0000   0.0000   0.0000   0.0000   0.0000
   0.0000   0.0000   0.0000   0.0000   0.0000   0.0000   0.0000   0.0000   0.0000
   0.0000   0.0000   0.0000   0.0000   0.0000   0.0000   0.0000   0.0000   0.0000
   0.0000   0.0000   0.0000   0.0000   0.0000   0.0000   0.0000   0.0000   0.0000
   0.0000   0.0000   0.0000   0.0000   0.0000   0.0000   0.0000   0.0000   0.0000
   0.0000   0.0000   0.0000   0.0000   0.0000   0.0000   0.0000   0.0000   0.0000
   0.0000   0.0000   0.0000   0.0000   0.0000   0.0000   0.0000   0.0000   0.0000
   0.0000   0.0000   0.0000   0.0000   0.0000   0.0000   0.0000   0.0000   0.0000
   0.0000   0.0000   0.0000   0.0000   0.0000   0.0000   0.0000   0.0000   0.0000
   0.0000   0.0000   0.0000   0.0000   0.0000   0.0000   0.0000   0.0000   0.0000
   0.0000   0.0000   0.0000   0.0000   0.0000   0.0000   0.0000   0.0000   0.0000
   0.0000   0.0000   0.0000   0.0000   0.0000   0.0000   0.0000   0.0000   0.0000
   0.0000   0.0000   0.0000   0.0000   0.0000   0.0000   0.0000   0.0000   0.0000
   0.0000   0.0000   0.0000   0.0000   0.0000   0.0000   0.0000   0.0000   0.0000
   0.0000   0.0000   0.0000   0.0000   0.0000   0.0000   0.0000   0.0000   0.0000
   0.0000   0.0000   0.0000   0.0000   0.0000   0.0000   0.0000   0.0000   0.0000
   0.0000   0.0000   0.0000   0.0000   0.0000   0.0000   0.0000   0.0000   0.0000
   0.0000   0.0000   0.0000   0.0000   0.0000   0.0000   0.0000   0.0000   0.0000
   0.0000   0.0000   0.0000   0.0000   0.0000   0.0000   0.0000   0.0000   0.0000
   0.0000   0.0000   0.0000   0.0000   0.0000   0.0000   0.0000   0.0000   0.0000
   0.0000   0.0000   0.0000   0.0000   0.0000   0.0000   0.0000   0.0000   0.0000
   0.0000   0.0000   0.0000   0.0000   0.0000   0.0000   0.0000   0.0000   0.0000
   0.0000   0.0000   0.0000   0.0000   0.0000   0.0000   0.0000   0.0000   0.0000
   0.0000   0.0000   0.0000   0.0000   0.0000   0.0000   0.0000   0.0000   0.0000
   0.0000   0.0000   0.0000   0.0000   0.0000   0.0000   0.0000   0.0000   0.0000
   0.0000   0.0000   0.0000   0.0000   0.0000   0.0000   0.0000   0.0000   0.0000
   0.0000   0.0000   0.0000   0.0000   0.0000   0.0000   0.0000   0.0000   0.0000
   0.0000   0.0000   0.0000   0.0000   0.0000   0.0000   0.0000   0.0000   0.0000
   0.0000   0.0000   0.0000   0.0000   0.0000   0.0000   0.0000   0.0000   0.0000
   0.0000   0.0000   0.0000   0.0000   0.0000   0.0000   0.0000   0.0000   0.0000
   0.0000   0.0000   0.0000   0.0000   0.0000   0.0000   0.0000   0.0000   0.0000
   0.0000   0.0000   0.0000   0.0000   0.0000   0.0000   0.0000   0.0000   0.0000
   0.0000   0.0000   0.0000   0.0000   0.0000   0.0000   0.0000   0.0000   0.0000
   0.0000   0.0000   0.0000   0.0000   0.0000   0.0000   0.0000   0.0000   0.0000
   0.0000   0.0000   0.0000   0.0000   0.0000   0.0000   0.0000   0.0000   0.0000
   0.0000   0.0000   0.0000   0.0000   0.0000   0.0000   0.0000   0.0000   0.0000
   0.0000   0.0000   0.0000   0.0000   0.0000   0.0000   0.0000   0.0000   0.0000
   0.0000   0.0000   0.0000   0.0000   0.0000   0.0000   0.0000   0.0000   0.0000
   0.0000   0.0000   0.0000   0.0000   0.0000   0.0000   0.0000   0.0000   0.0000
   0.0000   0.0000   0.0000   0.0000   0.0000   0.0000   0.0000   0.0000   0.0000
   0.0000   0.0000   0.0000   0.0000   0.0000   0.0000   0.0000   0.0000   0.0000
   0.0000   0.0000   0.0000   0.0000   0.0000   0.0000   0.0000   0.0000   0.0000
   0.0000   0.0000   0.0000   0.0000   0.0000   0.0000   0.0000   0.0000   0.0000
   0.0000   0.0000   0.0000   0.0000   0.0000   0.0000   0.0000   0.0000   0.0000
   0.0000   0.0000   0.0000   0.0000   0.0000   0.0000   0.0000   0.0000   0.0000
   0.0000   0.0000   0.0000   0.0000   0.0000   0.0000   0.0000   0.0000   0.0000
   0.0000   0.0000   0.0000   0.0000   0.0000   0.0000   0.0000   0.0000   0.0000
   0.0000   0.0000   0.0000   0.0000   0.0000   0.0000   0.0000   0.0000   0.0000
   0.0000   0.0000   0.0000   0.0000   0.0000   0.0000   0.0000   0.0000   0.0000
   0.0000   0.0000   0.0000   0.0000   0.0000   0.0000   0.0000   0.0000   0.0000
   0.0000   0.0000   0.0000   0.0000   0.0000   0.0000   0.0000   0.0000   0.0000
   0.0000   0.0000   0.0000   0.0000   0.0000   0.0000   0.0000   0.0000   0.0000
   0.0000   0.0000   0.0000   0.0000   0.0000   0.0000   0.0000   0.0000   0.0000
   0.0000   0.0000   0.0000   0.0000   0.0000   0.0000   0.0000   0.0000   0.0000
   0.0000   0.0000   0.0000   0.0000   0.0000   0.0000   0.0000   0.0000   0.0000
   0.0000   0.0000   0.0000   0.0000   0.0000   0.0000   0.0000   0.0000   0.0000
   0.0000   0.0000   0.0000   0.0000   0.0000   0.0000   0.0000   0.0000   0.0000
   0.0000   0.0000   0.0000   0.0000   0.0000   0.0000   0.0000   0.0000   0.0000
   0.0000   0.0000   0.0000   0.0000   0.0000   0.0000   0.0000   0.0000   0.0000
   0.0000   0.0000   0.0000   0.0000   0.0000   0.0000   0.0000   0.0000   0.0000
   0.0000   0.0000   0.0000   0.0000   0.0000   0.0000   0.0000   0.0000   0.0000
   0.0000   0.0000   0.0000   0.0000   0.0000   0.0000   0.0000   0.0000   0.0000
   0.0000   0.0000   0.0000   0.0000   0.0000   0.0000   0.0000   0.0000   0.0000
   0.0000   0.0000   0.0000   0.0000   0.0000   0.0000   0.0000   0.0000   0.0000
   0.0000   0.0000   0.0000   0.0000   0.0000   0.0000   0.0000   0.0000   0.0000
   0.0000   0.0000   0.0000   0.0000   0.0000   0.0000   0.0000   0.0000   0.0000
   0.0000   0.0000   0.0000   0.0000   0.0000   0.0000   0.0000   0.0000   0.0000
   0.0000   0.0000   0.0000   0.0000   0.0000   0.0000   0.0000   0.0000   0.0000
   0.0000   0.0000   0.0000   0.0000   0.0000   0.0000   0.0000   0.0000   0.0000
   0.0000   0.0000   0.0000   0.0000   0.0000   0.0000   0.0000   0.0000   0.0000
   0.0000   0.0000   0.0000   0.0000   0.0000   0.0000   0.0000   0.0000   0.0000
   0.0000   0.0000   0.0000   0.0000   0.0000   0.0000   0.0000   0.0000   0.0000
   0.0000   0.0000   0.0000   0.0000   0.0000   0.0000   0.0000   0.0000   0.0000
   0.0000   0.0000   0.0000   0.0000   0.0000   0.0000   0.0000   0.0000   0.0000
   0.0000   0.0000   0.0000   0.0000   0.0000   0.0000   0.0000   0.0000   0.0000
   0.0000   0.0000   0.0000   0.0000   0.0000   0.0000   0.0000   0.0000   0.0000
   0.0000   0.0000   0.0000   0.0000   0.0000   0.0000   0.0000   0.0000   0.0000
   0.0000   0.0000   0.0000   0.0000   0.0000   0.0000   0.0000   0.0000   0.0000
   0.0000   0.0000   0.0000   0.0000   0.0000   0.0000   0.0000   0.0000   0.0000
   0.0000   0.0000   0.0000   0.0000   0.0000   0.0000   0.0000   0.0000   0.0000
   0.0000   0.0000   0.0000   0.0000   0.0000   0.0000   0.0000   0.0000   0.0000
   0.0000   0.0000   0.0000   0.0000   0.0000   0.0000   0.0000   0.0000   0.0000
   0.0000   0.0000   0.0000   0.0000   0.0000   0.0000   0.0000   0.0000   0.0000
   0.0000   0.0000   0.0000   0.0000   0.0000   0.0000   0.0000   0.0000   0.0000
   0.0000   0.0000   0.0000   0.0000   0.0000   0.0000   0.0000   0.0000   0.0000
   0.0000   0.0000   0.0000   0.0000   0.0000   0.0000   0.0000   0.0000   0.0000
   0.0000   0.0000   0.0000   0.0000   0.0000   0.0000   0.0000   0.0000   0.0000
   0.0000   0.0000   0.0000   0.0000   0.0000   0.0000   0.0000   0.0000   0.0000
   0.0000   0.0000   0.0000   0.0000   0.0000   0.0000   0.0000   0.0000   0.0000
   0.0000   0.0000   0.0000   0.0000   0.0000   0.0000   0.0000   0.0000   0.0000
   0.0000   0.0000   0.0000   0.0000   0.0000   0.0000   0.0000   0.0000   0.0000
   0.0000   0.0000   0.0000   0.0000   0.0000   0.0000   0.0000   0.0000   0.0000
   0.0000   0.0000   0.0000   0.0000   0.0000   0.0000   0.0000   0.0000   0.0000
   0.0000   0.0000   0.0000   0.0000   0.0000   0.0000   0.0000   0.0000   0.0000
   0.0000   0.0000   0.0000   0.0000   0.0000   0.0000   0.0000   0.0000   0.0000
   0.0000   0.0000   0.0000   0.0000   0.0000   0.0000   0.0000   0.0000   0.0000
   0.0000   0.0000   0.0000   0.0000   0.0000   0.0000   0.0000   0.0000   0.0000
   0.0000   0.0000   0.0000   0.0000   0.0000   0.0000   0.0000   0.0000   0.0000
   0.0000   0.0000   0.0000   0.0000   0.0000   0.0000   0.0000   0.0000   0.0000
   0.0000   0.0000   0.0000   0.0000   0.0000   0.0000   0.0000   0.0000   0.0000
   0.0000   0.0000   0.0000   0.0000   0.0000   0.0000   0.0000   0.0000   0.0000
   0.0000   0.0000   0.0000   0.0000   0.0000   0.0000   0.0000   0.0000   0.0000
   0.0000   0.0000   0.0000   0.0000   0.0000   0.0000   0.0000   0.0000   0.0000
   0.0000   0.0000   0.0000   0.0000   0.0000   0.0000   0.0000   0.0000   0.0000
   0.0000   0.0000   0.0000   0.0000   0.0000   0.0000   0.0000   0.0000   0.0000
   0.0000   0.0000   0.0000   0.0000   0.0000   0.0000   0.0000   0.0000   0.0000
   0.0000   0.0000   0.0000   0.0000   0.0000   0.0000   0.0000   0.0000   0.0000
   0.0000   0.0000   0.0000   0.0000   0.0000   0.0000   0.0000   0.0000   0.0000
   0.0000   0.0000   0.0000   0.0000   0.0000   0.0000   0.0000   0.0000   0.0000
   0.0000   0.0000   0.0000   0.0000   0.0000   0.0000   0.0000   0.0000   0.0000
   0.0000   0.0000   0.0000   0.0000   0.0000   0.0000   0.0000   0.0000   0.0000
   0.0000   0.0000   0.0000   0.0000   0.0000   0.0000   0.0000   0.0000   0.0000
   0.0000   0.0000   0.0000   0.0000   0.0000   0.0000   0.0000   0.0000   0.0000
   0.0000   0.0000   0.0000   0.0000   0.0000   0.0000   0.0000   0.0000   0.0000
   0.0000   0.0000   0.0000   0.0000   0.0000   0.0000   0.0000   0.0000   0.0000
   0.0000   0.0000   0.0000   0.0000   0.0000   0.0000   0.0000   0.0000   0.0000
   0.0000   0.0000   0.0000   0.0000   0.0000   0.0000   0.0000   0.0000   0.0000
   0.0000   0.0000   0.0000   0.0000   0.0000   0.0000   0.0000   0.0000   0.0000
   0.0000   0.0000   0.0000   0.0000   0.0000   0.0000   0.0000   0.0000   0.0000
   0.0000   0.0000   0.0000   0.0000   0.0000   0.0000   0.0000   0.0000   0.0000
   0.0000   0.0000   0.0000   0.0000   0.0000   0.0000   0.0000   0.0000   0.0000
   0.0000   0.0000   0.0000   0.0000   0.0000   0.0000   0.0000   0.0000   0.0000
   0.0000   0.0000   0.0000   0.0000   0.0000   0.0000   0.0000   0.0000   0.0000
   0.0000   0.0000   0.0000   0.0000   0.0000   0.0000   0.0000   0.0000   0.0000
   0.0000   0.0000   0.0000   0.0000   0.0000   0.0000   0.0000   0.0000   0.0000
   0.0000   0.0000   0.0000   0.0000   0.0000   0.0000   0.0000   0.0000   0.0000
   0.0000   0.0000   0.0000   0.0000   0.0000   0.0000   0.0000   0.0000   0.0000
   0.0000   0.0000   0.0000   0.0000   0.0000   0.0000   0.0000   0.0000   0.0000
   0.0000   0.0000   0.0000   0.0000   0.0000   0.0000   0.0000   0.0000   0.0000
   0.0000   0.0000   0.0000   0.0000   0.0000   0.0000   0.0000   0.0000   0.0000
   0.0000   0.0000   0.0000   0.0000   0.0000   0.0000   0.0000   0.0000   0.0000
   0.0000   0.0000   0.0000   0.0000   0.0000   0.0000   0.0000   0.0000   0.0000
   0.0000   0.0000   0.0000   0.0000   0.0000   0.0000   0.0000   0.0000   0.0000
   0.0000   0.0000   0.0000   0.0000   0.0000   0.0000   0.0000   0.0000   0.0000
   0.0000   0.0000   0.0000   0.0000   0.0000   0.0000   0.0000   0.0000   0.0000
   0.0000   0.0000   0.0000   0.0000   0.0000   0.0000   0.0000   0.0000   0.0000
   0.0000   0.0000   0.0000   0.0000   0.0000   0.0000   0.0000   0.0000   0.0000
   0.0000   0.0000   0.0000   0.0000   0.0000   0.0000   0.0000   0.0000   0.0000
   0.0000   0.0000   0.0000   0.0000   0.0000   0.0000   0.0000   0.0000   0.0000
   0.0000   0.0000   0.0000   0.0000   0.0000   0.0000   0.0000   0.0000   0.0000
   0.0000   0.0000   0.0000   0.0000   0.0000   0.0000   0.0000   0.0000   0.0000
   0.0000   0.0000   0.0000   0.0000   0.0000   0.0000   0.0000   0.0000   0.0000
   0.0000   0.0000   0.0000   0.0000   0.0000   0.0000   0.0000   0.0000   0.0000
   0.0000   0.0000   0.0000   0.0000   0.0000   0.0000   0.0000   0.0000   0.0000
   0.0000   0.0000   0.0000   0.0000   0.0000   0.0000   0.0000   0.0000   0.0000
   0.0000   0.0000   0.0000   0.0000   0.0000   0.0000   0.0000   0.0000   0.0000
   0.0000   0.0000   0.0000   0.0000   0.0000   0.0000   0.0000   0.0000   0.0000
   0.0000   0.0000   0.0000   0.0000   0.0000   0.0000   0.0000   0.0000   0.0000
   0.0000   0.0000   0.0000   0.0000   0.0000   0.0000   0.0000   0.0000   0.0000
   0.0000   0.0000   0.0000   0.0000   0.0000   0.0000   0.0000   0.0000   0.0000
   0.0000   0.0000   0.0000   0.0000   0.0000   0.0000   0.0000   0.0000   0.0000
   0.0000   0.0000   0.0000   0.0000   0.0000   0.0000   0.0000   0.0000   0.0000
   0.0000   0.0000   0.0000   0.0000   0.0000   0.0000   0.0000   0.0000   0.0000
   0.0000   0.0000   0.0000   0.0000   0.0000   0.0000   0.0000   0.0000   0.0000
   0.0000   0.0000   0.0000   0.0000   0.0000   0.0000   0.0000   0.0000   0.0000
   0.0000   0.0000   0.0000   0.0000   0.0000   0.0000   0.0000   0.0000   0.0000
   0.0000   0.0000   0.0000   0.0000   0.0000   0.0000   0.0000   0.0000   0.0000
   0.0000   0.0000   0.0000   0.0000   0.0000   0.0000   0.0000   0.0000   0.0000
   0.0000   0.0000   0.0000   0.0000   0.0000   0.0000   0.0000   0.0000   0.0000
   0.0000   0.0000   0.0000   0.0000   0.0000   0.0000   0.0000   0.0000   0.0000
   0.0000   0.0000   0.0000   0.0000   0.0000   0.0000   0.0000   0.0000   0.0000
   0.0000   0.0000   0.0000   0.0000   0.0000   0.0000   0.0000   0.0000   0.0000
   0.0000   0.0000   0.0000   0.0000   0.0000   0.0000   0.0000   0.0000   0.0000
   0.0000   0.0000   0.0000   0.0000   0.0000   0.0000   0.0000   0.0000   0.0000
   0.0000   0.0000   0.0000   0.0000   0.0000   0.0000   0.0000   0.0000   0.0000
   0.0000   0.0000   0.0000   0.0000   0.0000   0.0000   0.0000   0.0000   0.0000
   0.0000   0.0000   0.0000   0.0000   0.0000   0.0000   0.0000   0.0000   0.0000
   0.0000   0.0000   0.0000   0.0000   0.0000   0.0000   0.0000   0.0000   0.0000
   0.0000   0.0000   0.0000   0.0000   0.0000   0.0000   0.0000   0.0000   0.0000
   0.0000   0.0000   0.0000   0.0000   0.0000   0.0000   0.0000   0.0000   0.0000
   0.0000   0.0000   0.0000   0.0000   0.0000   0.0000   0.0000   0.0000   0.0000
   0.0000   0.0000   0.0000   0.0000   0.0000   0.0000   0.0000   0.0000   0.0000
   0.0000   0.0000   0.0000   0.0000   0.0000   0.0000   0.0000   0.0000   0.0000
   0.0000   0.0000   0.0000   0.0000   0.0000   0.0000   0.0000   0.0000   0.0000
   0.0000   0.0000   0.0000   0.0000   0.0000   0.0000   0.0000   0.0000   0.0000
   0.0000   0.0000   0.0000   0.0000   0.0000   0.0000   0.0000   0.0000   0.0000
   0.0000   0.0000   0.0000   0.0000   0.0000   0.0000   0.0000   0.0000   0.0000
   0.0000   0.0000   0.0000   0.0000   0.0000   0.0000   0.0000   0.0000   0.0000
   0.0000   0.0000   0.0000   0.0000   0.0000   0.0000   0.0000   0.0000   0.0000
   0.0000   0.0000   0.0000   0.0000   0.0000   0.0000   0.0000   0.0000   0.0000
   0.0000   0.0000   0.0000   0.0000   0.0000   0.0000   0.0000   0.0000   0.0000
   0.0000   0.0000   0.0000   0.0000   0.0000   0.0000   0.0000   0.0000   0.0000
   0.0000   0.0000   0.0000   0.0000   0.0000   0.0000   0.0000   0.0000   0.0000
   0.0000   0.0000   0.0000   0.0000   0.0000   0.0000   0.0000   0.0000   0.0000
   0.0000   0.0000   0.0000   0.0000   0.0000   0.0000   0.0000   0.0000   0.0000
   0.0000   0.0000   0.0000   0.0000   0.0000   0.0000   0.0000   0.0000   0.0000
   0.0000   0.0000   0.0000   0.0000   0.0000   0.0000   0.0000   0.0000   0.0000
   0.0000   0.0000   0.0000   0.0000   0.0000   0.0000   0.0000   0.0000   0.0000
   0.0000   0.0000   0.0000   0.0000   0.0000   0.0000   0.0000   0.0000   0.0000
   0.0000   0.0000   0.0000   0.0000   0.0000   0.0000   0.0000   0.0000   0.0000
   0.0000   0.0000   0.0000   0.0000   0.0000   0.0000   0.0000   0.0000   0.0000
   0.0000   0.0000   0.0000   0.0000   0.0000   0.0000   0.0000   0.0000   0.0000
   0.0000   0.0000   0.0000   0.0000   0.0000   0.0000   0.0000   0.0000   0.0000
   0.0000   0.0000   0.0000   0.0000   0.0000   0.0000   0.0000   0.0000   0.0000
   0.0000   0.0000   0.0000   0.0000   0.0000   0.0000   0.0000   0.0000   0.0000
   0.0000   0.0000   0.0000   0.0000   0.0000   0.0000   0.0000   0.0000   0.0000
   0.0000   0.0000   0.0000   0.0000   0.0000   0.0000   0.0000   0.0000   0.0000
   0.0000   0.0000   0.0000   0.0000   0.0000   0.0000   0.0000   0.0000   0.0000
   0.0000   0.0000   0.0000   0.0000   0.0000   0.0000   0.0000   0.0000   0.0000
   0.0000   0.0000   0.0000   0.0000   0.0000   0.0000   0.0000   0.0000   0.0000
   0.0000   0.0000   0.0000   0.0000   0.0000   0.0000   0.0000   0.0000   0.0000
   0.0000   0.0000   0.0000   0.0000   0.0000   0.0000   0.0000   0.0000   0.0000
   0.0000   0.0000   0.0000   0.0000   0.0000   0.0000   0.0000   0.0000   0.0000
   0.0000   0.0000   0.0000   0.0000   0.0000   0.0000   0.0000   0.0000   0.0000
   0.0000   0.0000   0.0000   0.0000   0.0000   0.0000   0.0000   0.0000   0.0000
   0.0000   0.0000   0.0000   0.0000   0.0000   0.0000   0.0000   0.0000   0.0000
   0.0000   0.0000   0.0000   0.0000   0.0000   0.0000   0.0000   0.0000   0.0000
   0.0000   0.0000   0.0000   0.0000   0.0000   0.0000   0.0000   0.0000   0.0000
   0.0000   0.0000   0.0000   0.0000   0.0000   0.0000   0.0000   0.0000   0.0000
   0.0000   0.0000   0.0000   0.0000   0.0000   0.0000   0.0000   0.0000   0.0000
   0.0000   0.0000   0.0000   0.0000   0.0000   0.0000   0.0000   0.0000   0.0000
   0.0000   0.0000   0.0000   0.0000   0.0000   0.0000   0.0000   0.0000   0.0000
   0.0000   0.0000   0.0000   0.0000   0.0000   0.0000   0.0000   0.0000   0.0000
   0.0000   0.0000   0.0000   0.0000   0.0000   0.0000   0.0000   0.0000   0.0000
   0.0000   0.0000   0.0000   0.0000   0.0000   0.0000   0.0000   0.0000   0.0000
   0.0000   0.0000   0.0000   0.0000   0.0000   0.0000   0.0000   0.0000   0.0000
   0.0000   0.0000   0.0000   0.0000   0.0000   0.0000   0.0000   0.0000   0.0000
   0.0000   0.0000   0.0000   0.0000   0.0000   0.0000   0.0000   0.0000   0.0000
   0.0000   0.0000   0.0000   0.0000   0.0000   0.0000   0.0000   0.0000   0.0000
   0.0000   0.0000   0.0000   0.0000   0.0000   0.0000   0.0000   0.0000   0.0000
   0.0000   0.0000   0.0000   0.0000   0.0000   0.0000   0.0000   0.0000   0.0000
   0.0000   0.0000   0.0000   0.0000   0.0000   0.0000   0.0000   0.0000   0.0000
   0.0000   0.0000   0.0000   0.0000   0.0000   0.0000   0.0000   0.0000   0.0000
   0.0000   0.0000   0.0000   0.0000   0.0000   0.0000   0.0000   0.0000   0.0000
   0.0000   0.0000   0.0000   0.0000   0.0000   0.0000   0.0000   0.0000   0.0000
   0.0000   0.0000   0.0000   0.0000   0.0000   0.0000   0.0000   0.0000   0.0000
   0.0000   0.0000   0.0000   0.0000   0.0000   0.0000   0.0000   0.0000   0.0000
   0.0000   0.0000   0.0000   0.0000   0.0000   0.0000   0.0000   0.0000   0.0000
   0.0000   0.0000   0.0000   0.0000   0.0000   0.0000   0.0000   0.0000   0.0000
   0.0000   0.0000   0.0000   0.0000   0.0000   0.0000   0.0000   0.0000   0.0000
   0.0000   0.0000   0.0000   0.0000   0.0000   0.0000   0.0000   0.0000   0.0000
   0.0000   0.0000   0.0000   0.0000   0.0000   0.0000   0.0000   0.0000   0.0000
   0.0000   0.0000   0.0000   0.0000   0.0000   0.0000   0.0000   0.0000   0.0000
   0.0000   0.0000   0.0000   0.0000   0.0000   0.0000   0.0000   0.0000   0.0000
   0.0000   0.0000   0.0000   0.0000   0.0000   0.0000   0.0000   0.0000   0.0000
   0.0000   0.0000   0.0000   0.0000   0.0000   0.0000   0.0000   0.0000   0.0000
   0.0000   0.0000   0.0000   0.0000   0.0000   0.0000   0.0000   0.0000   0.0000
   0.0000   0.0000   0.0000   0.0000   0.0000   0.0000   0.0000   0.0000   0.0000
   0.0000   0.0000   0.0000   0.0000   0.0000   0.0000   0.0000   0.0000   0.0000
   0.0000   0.0000   0.0000   0.0000   0.0000   0.0000   0.0000   0.0000   0.0000
   0.0000   0.0000   0.0000   0.0000   0.0000   0.0000   0.0000   0.0000   0.0000
   0.0000   0.0000   0.0000   0.0000   0.0000   0.0000   0.0000   0.0000   0.0000
   0.0000   0.0000   0.0000   0.0000   0.0000   0.0000   0.0000   0.0000   0.0000
   0.0000   0.0000   0.0000   0.0000   0.0000   0.0000   0.0000   0.0000   0.0000
   0.0000   0.0000   0.0000   0.0000   0.0000   0.0000   0.0000   0.0000   0.0000
   0.0000   0.0000   0.0000   0.0000   0.0000   0.0000   0.0000   0.0000   0.0000
   0.0000   0.0000   0.0000   0.0000   0.0000   0.0000   0.0000   0.0000   0.0000
   0.0000   0.0000   0.0000   0.0000   0.0000   0.0000   0.0000   0.0000   0.0000
   0.0000   0.0000   0.0000   0.0000   0.0000   0.0000   0.0000   0.0000   0.0000
   0.0000   0.0000   0.0000   0.0000   0.0000   0.0000   0.0000   0.0000   0.0000
   0.0000   0.0000   0.0000   0.0000   0.0000   0.0000   0.0000   0.0000   0.0000
   0.0000   0.0000   0.0000   0.0000   0.0000   0.0000   0.0000   0.0000   0.0000
   0.0000   0.0000   0.0000   0.0000   0.0000   0.0000   0.0000   0.0000   0.0000
   0.0000   0.0000   0.0000   0.0000   0.0000   0.0000   0.0000   0.0000   0.0000
   0.0000   0.0000   0.0000   0.0000   0.0000   0.0000   0.0000   0.0000   0.0000
   0.0000   0.0000   0.0000   0.0000   0.0000   0.0000   0.0000   0.0000   0.0000
   0.0000   0.0000   0.0000   0.0000   0.0000   0.0000   0.0000   0.0000   0.0000
   0.0000   0.0000   0.0000   0.0000   0.0000   0.0000   0.0000   0.0000   0.0000
   0.0000   0.0000   0.0000   0.0000   0.0000   0.0000   0.0000   0.0000   0.0000
   0.0000   0.0000   0.0000   0.0000   0.0000   0.0000   0.0000   0.0000   0.0000
   0.0000   0.0000   0.0000   0.0000   0.0000   0.0000   0.0000   0.0000   0.0000
   0.0000   0.0000   0.0000   0.0000   0.0000   0.0000   0.0000   0.0000   0.0000
   0.0000   0.0000   0.0000   0.0000   0.0000   0.0000   0.0000   0.0000   0.0000
   0.0000   0.0000   0.0000   0.0000   0.0000   0.0000   0.0000   0.0000   0.0000
   0.0000   0.0000   0.0000   0.0000   0.0000   0.0000   0.0000   0.0000   0.0000
   0.0000   0.0000   0.0000   0.0000   0.0000   0.0000   0.0000   0.0000   0.0000
   0.0000   0.0000   0.0000   0.0000   0.0000   0.0000   0.0000   0.0000   0.0000
   0.0000   0.0000   0.0000   0.0000   0.0000   0.0000   0.0000   0.0000   0.0000
   0.0000   0.0000   0.0000   0.0000   0.0000   0.0000   0.0000   0.0000   0.0000
   0.0000   0.0000   0.0000   0.0000   0.0000   0.0000   0.0000   0.0000   0.0000
   0.0000   0.0000   0.0000   0.0000   0.0000   0.0000   0.0000   0.0000   0.0000
   0.0000   0.0000   0.0000   0.0000   0.0000   0.0000   0.0000   0.0000   0.0000
   0.0000   0.0000   0.0000   0.0000   0.0000   0.0000   0.0000   0.0000   0.0000
   0.0000   0.0000   0.0000   0.0000   0.0000   0.0000   0.0000   0.0000   0.0000
   0.0000   0.0000   0.0000   0.0000   0.0000   0.0000   0.0000   0.0000   0.0000
   0.0000   0.0000   0.0000   0.0000   0.0000   0.0000   0.0000   0.0000   0.0000
   0.0000   0.0000   0.0000   0.0000   0.0000   0.0000   0.0000   0.0000   0.0000
   0.0000   0.0000   0.0000   0.0000   0.0000   0.0000   0.0000   0.0000   0.0000
   0.0000   0.0000   0.0000   0.0000   0.0000   0.0000   0.0000   0.0000   0.0000
   0.0000   0.0000   0.0000   0.0000   0.0000   0.0000   0.0000   0.0000   0.0000
   0.0000   0.0000   0.0000   0.0000   0.0000   0.0000   0.0000   0.0000   0.0000
   0.0000   0.0000   0.0000   0.0000   0.0000   0.0000   0.0000   0.0000   0.0000
   0.0000   0.0000   0.0000   0.0000   0.0000   0.0000   0.0000   0.0000   0.0000
   0.0000   0.0000   0.0000   0.0000   0.0000   0.0000   0.0000   0.0000   0.0000
   0.0000   0.0000   0.0000   0.0000   0.0000   0.0000   0.0000   0.0000   0.0000
   0.0000   0.0000   0.0000   0.0000   0.0000   0.0000   0.0000   0.0000   0.0000
   0.0000   0.0000   0.0000   0.0000   0.0000   0.0000   0.0000   0.0000   0.0000
   0.0000   0.0000   0.0000   0.0000   0.0000   0.0000   0.0000   0.0000   0.0000
   0.0000   0.0000   0.0000   0.0000   0.0000   0.0000   0.0000   0.0000   0.0000
   0.0000   0.0000   0.0000   0.0000   0.0000   0.0000   0.0000   0.0000   0.0000
   0.0000   0.0000   0.0000   0.0000   0.0000   0.0000   0.0000   0.0000   0.0000
   0.0000   0.0000   0.0000   0.0000   0.0000   0.0000   0.0000   0.0000   0.0000
   0.0000   0.0000   0.0000   0.0000   0.0000   0.0000   0.0000   0.0000   0.0000
   0.0000   0.0000   0.0000   0.0000   0.0000   0.0000   0.0000   0.0000   0.0000
   0.0000   0.0000   0.0000   0.0000   0.0000   0.0000   0.0000   0.0000   0.0000
   0.0000   0.0000   0.0000   0.0000   0.0000   0.0000   0.0000   0.0000   0.0000
   0.0000   0.0000   0.0000   0.0000   0.0000   0.0000   0.0000   0.0000   0.0000
   0.0000   0.0000   0.0000   0.0000   0.0000   0.0000   0.0000   0.0000   0.0000
   0.0000   0.0000   0.0000   0.0000   0.0000   0.0000   0.0000   0.0000   0.0000
   0.0000   0.0000   0.0000   0.0000   0.0000   0.0000   0.0000   0.0000   0.0000
   0.0000   0.0000   0.0000   0.0000   0.0000   0.0000   0.0000   0.0000   0.0000
   0.0000   0.0000   0.0000   0.0000   0.0000   0.0000   0.0000   0.0000   0.0000
   0.0000   0.0000   0.0000   0.0000   0.0000   0.0000   0.0000   0.0000   0.0000
   0.0000   0.0000   0.0000   0.0000   0.0000   0.0000   0.0000   0.0000   0.0000
   0.0000   0.0000   0.0000   0.0000   0.0000   0.0000   0.0000   0.0000   0.0000
   0.0000   0.0000   0.0000   0.0000   0.0000   0.0000   0.0000   0.0000   0.0000
   0.0000   0.0000   0.0000   0.0000   0.0000   0.0000   0.0000   0.0000   0.0000
   0.0000   0.0000   0.0000   0.0000   0.0000   0.0000   0.0000   0.0000   0.0000
   0.0000   0.0000   0.0000   0.0000   0.0000   0.0000   0.0000   0.0000   0.0000
   0.0000   0.0000   0.0000   0.0000   0.0000   0.0000   0.0000   0.0000   0.0000
   0.0000   0.0000   0.0000   0.0000   0.0000   0.0000   0.0000   0.0000   0.0000
   0.0000   0.0000   0.0000   0.0000   0.0000   0.0000   0.0000   0.0000   0.0000
   0.0000   0.0000   0.0000   0.0000   0.0000   0.0000   0.0000   0.0000   0.0000
   0.0000   0.0000   0.0000   0.0000   0.0000   0.0000   0.0000   0.0000   0.0000
   0.0000   0.0000   0.0000   0.0000   0.0000   0.0000   0.0000   0.0000   0.0000
   0.0000   0.0000   0.0000   0.0000   0.0000   0.0000   0.0000   0.0000   0.0000
   0.0000   0.0000   0.0000   0.0000   0.0000   0.0000   0.0000   0.0000   0.0000
   0.0000   0.0000   0.0000   0.0000   0.0000   0.0000   0.0000   0.0000   0.0000
   0.0000   0.0000   0.0000   0.0000   0.0000   0.0000   0.0000   0.0000   0.0000
   0.0000   0.0000   0.0000   0.0000   0.0000   0.0000   0.0000   0.0000   0.0000
   0.0000   0.0000   0.0000   0.0000   0.0000   0.0000   0.0000   0.0000   0.0000
   0.0000   0.0000   0.0000   0.0000   0.0000   0.0000   0.0000   0.0000   0.0000
   0.0000   0.0000   0.0000   0.0000   0.0000   0.0000   0.0000   0.0000   0.0000
   0.0000   0.0000   0.0000   0.0000   0.0000   0.0000   0.0000   0.0000   0.0000
   0.0000   0.0000   0.0000   0.0000   0.0000   0.0000   0.0000   0.0000   0.0000
   0.0000   0.0000   0.0000   0.0000   0.0000   0.0000   0.0000   0.0000   0.0000
   0.0000   0.0000   0.0000   0.0000   0.0000   0.0000   0.0000   0.0000   0.0000
   0.0000   0.0000   0.0000   0.0000   0.0000   0.0000   0.0000   0.0000   0.0000
   0.0000   0.0000   0.0000   0.0000   0.0000   0.0000   0.0000   0.0000   0.0000
   0.0000   0.0000   0.0000   0.0000   0.0000   0.0000   0.0000   0.0000   0.0000
   0.0000   0.0000   0.0000   0.0000   0.0000   0.0000   0.0000   0.0000   0.0000
   0.0000   0.0000   0.0000   0.0000   0.0000   0.0000   0.0000   0.0000   0.0000
   0.0000   0.0000   0.0000   0.0000   0.0000   0.0000   0.0000   0.0000   0.0000
   0.0000   0.0000   0.0000   0.0000   0.0000   0.0000   0.0000   0.0000   0.0000
   0.0000   0.0000   0.0000   0.0000   0.0000   0.0000   0.0000   0.0000   0.0000
   0.0000   0.0000   0.0000   0.0000   0.0000   0.0000   0.0000   0.0000   0.0000
   0.0000   0.0000   0.0000   0.0000   0.0000   0.0000   0.0000   0.0000   0.0000
   0.0000   0.0000   0.0000   0.0000   0.0000   0.0000   0.0000   0.0000   0.0000
   0.0000   0.0000   0.0000   0.0000   0.0000   0.0000   0.0000   0.0000   0.0000
   0.0000   0.0000   0.0000   0.0000   0.0000   0.0000   0.0000   0.0000   0.0000
   0.0000   0.0000   0.0000   0.0000   0.0000   0.0000   0.0000   0.0000   0.0000
   0.0000   0.0000   0.0000   0.0000   0.0000   0.0000   0.0000   0.0000   0.0000
   0.0000   0.0000   0.0000   0.0000   0.0000   0.0000   0.0000   0.0000   0.0000
   0.0000   0.0000   0.0000   0.0000   0.0000   0.0000   0.0000   0.0000   0.0000
   0.0000   0.0000   0.0000   0.0000   0.0000   0.0000   0.0000   0.0000   0.0000
   0.0000   0.0000   0.0000   0.0000   0.0000   0.0000   0.0000   0.0000   0.0000
   0.0000   0.0000   0.0000   0.0000   0.0000   0.0000   0.0000   0.0000   0.0000
   0.0000   0.0000   0.0000   0.0000   0.0000   0.0000   0.0000   0.0000   0.0000
   0.0000   0.0000   0.0000   0.0000   0.0000   0.0000   0.0000   0.0000   0.0000
   0.0000   0.0000   0.0000   0.0000   0.0000   0.0000   0.0000   0.0000   0.0000
   0.0000   0.0000   0.0000   0.0000   0.0000   0.0000   0.0000   0.0000   0.0000
   0.0000   0.0000   0.0000   0.0000   0.0000   0.0000   0.0000   0.0000   0.0000
   0.0000   0.0000   0.0000   0.0000   0.0000   0.0000   0.0000   0.0000   0.0000
   0.0000   0.0000   0.0000   0.0000   0.0000   0.0000   0.0000   0.0000   0.0000
   0.0000   0.0000   0.0000   0.0000   0.0000   0.0000   0.0000   0.0000   0.0000
   0.0000   0.0000   0.0000   0.0000   0.0000   0.0000   0.0000   0.0000   0.0000
   0.0000   0.0000   0.0000   0.0000   0.0000   0.0000   0.0000   0.0000   0.0000
   0.0000   0.0000   0.0000   0.0000   0.0000   0.0000   0.0000   0.0000   0.0000
   0.0000   0.0000   0.0000   0.0000   0.0000   0.0000   0.0000   0.0000   0.0000
   0.0000   0.0000   0.0000   0.0000   0.0000   0.0000   0.0000   0.0000   0.0000
   0.0000   0.0000   0.0000   0.0000   0.0000   0.0000   0.0000   0.0000   0.0000
   0.0000   0.0000   0.0000   0.0000   0.0000   0.0000   0.0000   0.0000   0.0000
   0.0000   0.0000   0.0000   0.0000   0.0000   0.0000   0.0000   0.0000   0.0000
   0.0000   0.0000   0.0000   0.0000   0.0000   0.0000   0.0000   0.0000   0.0000
   0.0000   0.0000   0.0000   0.0000   0.0000   0.0000   0.0000   0.0000   0.0000
   0.0000   0.0000   0.0000   0.0000   0.0000   0.0000   0.0000   0.0000   0.0000
   0.0000   0.0000   0.0000   0.0000   0.0000   0.0000   0.0000   0.0000   0.0000
   0.0000   0.0000   0.0000   0.0000   0.0000   0.0000   0.0000   0.0000   0.0000
   0.0000   0.0000   0.0000   0.0000   0.0000   0.0000   0.0000   0.0000   0.0000
   0.0000   0.0000   0.0000   0.0000   0.0000   0.0000   0.0000   0.0000   0.0000
   0.0000   0.0000   0.0000   0.0000   0.0000   0.0000   0.0000   0.0000   0.0000
   0.0000   0.0000   0.0000   0.0000   0.0000   0.0000   0.0000   0.0000   0.0000
   0.0000   0.0000   0.0000   0.0000   0.0000   0.0000   0.0000   0.0000   0.0000
   0.0000   0.0000   0.0000   0.0000   0.0000   0.0000   0.0000   0.0000   0.0000
   0.0000   0.0000   0.0000   0.0000   0.0000   0.0000   0.0000   0.0000   0.0000
   0.0000   0.0000   0.0000   0.0000   0.0000   0.0000   0.0000   0.0000   0.0000
   0.0000   0.0000   0.0000   0.0000   0.0000   0.0000   0.0000   0.0000   0.0000
   0.0000   0.0000   0.0000   0.0000   0.0000   0.0000   0.0000   0.0000   0.0000
   0.0000   0.0000   0.0000   0.0000   0.0000   0.0000   0.0000   0.0000   0.0000
   0.0000   0.0000   0.0000   0.0000   0.0000   0.0000   0.0000   0.0000   0.0000
   0.0000   0.0000   0.0000   0.0000   0.0000   0.0000   0.0000   0.0000   0.0000
   0.0000   0.0000   0.0000   0.0000   0.0000   0.0000   0.0000   0.0000   0.0000
   0.0000   0.0000   0.0000   0.0000   0.0000   0.0000   0.0000   0.0000   0.0000
   0.0000   0.0000   0.0000   0.0000   0.0000   0.0000   0.0000   0.0000   0.0000
   0.0000   0.0000   0.0000   0.0000   0.0000   0.0000   0.0000   0.0000   0.0000
   0.0000   0.0000   0.0000   0.0000   0.0000   0.0000   0.0000   0.0000   0.0000
   0.0000   0.0000   0.0000   0.0000   0.0000   0.0000   0.0000   0.0000   0.0000
   0.0000   0.0000   0.0000   0.0000   0.0000   0.0000   0.0000   0.0000   0.0000
   0.0000   0.0000   0.0000   0.0000   0.0000   0.0000   0.0000   0.0000   0.0000
   0.0000   0.0000   0.0000   0.0000   0.0000   0.0000   0.0000   0.0000   0.0000
   0.0000   0.0000   0.0000   0.0000   0.0000   0.0000   0.0000   0.0000   0.0000
   0.0000   0.0000   0.0000   0.0000   0.0000   0.0000   0.0000   0.0000   0.0000
   0.0000   0.0000   0.0000   0.0000   0.0000   0.0000   0.0000   0.0000   0.0000
   0.0000   0.0000   0.0000   0.0000   0.0000   0.0000   0.0000   0.0000   0.0000
   0.0000   0.0000   0.0000   0.0000   0.0000   0.0000   0.0000   0.0000   0.0000
   0.0000   0.0000   0.0000   0.0000   0.0000   0.0000   0.0000   0.0000   0.0000
   0.0000   0.0000   0.0000   0.0000   0.0000   0.0000   0.0000   0.0000   0.0000
   0.0000   0.0000   0.0000   0.0000   0.0000   0.0000   0.0000   0.0000   0.0000
   0.0000   0.0000   0.0000   0.0000   0.0000   0.0000   0.0000   0.0000   0.0000
   0.0000   0.0000   0.0000   0.0000   0.0000   0.0000   0.0000   0.0000   0.0000
   0.0000   0.0000   0.0000   0.0000   0.0000   0.0000   0.0000   0.0000   0.0000
   0.0000   0.0000   0.0000   0.0000   0.0000   0.0000   0.0000   0.0000   0.0000
   0.0000   0.0000   0.0000   0.0000   0.0000   0.0000   0.0000   0.0000   0.0000
   0.0000   0.0000   0.0000   0.0000   0.0000   0.0000   0.0000   0.0000   0.0000
   0.0000   0.0000   0.0000   0.0000   0.0000   0.0000   0.0000   0.0000   0.0000
   0.0000   0.0000   0.0000   0.0000   0.0000   0.0000   0.0000   0.0000   0.0000
   0.0000   0.0000   0.0000   0.0000   0.0000   0.0000   0.0000   0.0000   0.0000
   0.0000   0.0000   0.0000   0.0000   0.0000   0.0000   0.0000   0.0000   0.0000
   0.0000   0.0000   0.0000   0.0000   0.0000   0.0000   0.0000   0.0000   0.0000
   0.0000   0.0000   0.0000   0.0000   0.0000   0.0000   0.0000   0.0000   0.0000
   0.0000   0.0000   0.0000   0.0000   0.0000   0.0000   0.0000   0.0000   0.0000
   0.0000   0.0000   0.0000   0.0000   0.0000   0.0000   0.0000   0.0000   0.0000
   0.0000   0.0000   0.0000   0.0000   0.0000   0.0000   0.0000   0.0000   0.0000
   0.0000   0.0000   0.0000   0.0000   0.0000   0.0000   0.0000   0.0000   0.0000
   0.0000   0.0000   0.0000   0.0000   0.0000   0.0000   0.0000   0.0000   0.0000
   0.0000   0.0000   0.0000   0.0000   0.0000   0.0000   0.0000   0.0000   0.0000
   0.0000   0.0000   0.0000   0.0000   0.0000   0.0000   0.0000   0.0000   0.0000
   0.0000   0.0000   0.0000   0.0000   0.0000   0.0000   0.0000   0.0000   0.0000
   0.0000   0.0000   0.0000   0.0000   0.0000   0.0000   0.0000   0.0000   0.0000
   0.0000   0.0000   0.0000   0.0000   0.0000   0.0000   0.0000   0.0000   0.0000
   0.0000   0.0000   0.0000   0.0000   0.0000   0.0000   0.0000   0.0000   0.0000
   0.0000   0.0000   0.0000   0.0000   0.0000   0.0000   0.0000   0.0000   0.0000
   0.0000   0.0000   0.0000   0.0000   0.0000   0.0000   0.0000   0.0000   0.0000
   0.0000   0.0000   0.0000   0.0000   0.0000   0.0000   0.0000   0.0000   0.0000
   0.0000   0.0000   0.0000   0.0000   0.0000   0.0000   0.0000   0.0000   0.0000
   0.0000   0.0000   0.0000   0.0000   0.0000   0.0000   0.0000   0.0000   0.0000
   0.0000   0.0000   0.0000   0.0000   0.0000   0.0000   0.0000   0.0000   0.0000
   0.0000   0.0000   0.0000   0.0000   0.0000   0.0000   0.0000   0.0000   0.0000
   0.0000   0.0000   0.0000   0.0000   0.0000   0.0000   0.0000   0.0000   0.0000
   0.0000   0.0000   0.0000   0.0000   0.0000   0.0000   0.0000   0.0000   0.0000
   0.0000   0.0000   0.0000   0.0000   0.0000   0.0000   0.0000   0.0000   0.0000
   0.0000   0.0000   0.0000   0.0000   0.0000   0.0000   0.0000   0.0000   0.0000
   0.0000   0.0000   0.0000   0.0000   0.0000   0.0000   0.0000   0.0000   0.0000
   0.0000   0.0000   0.0000   0.0000   0.0000   0.0000   0.0000   0.0000   0.0000
   0.0000   0.0000   0.0000   0.0000   0.0000   0.0000   0.0000   0.0000   0.0000
   0.0000   0.0000   0.0000   0.0000   0.0000   0.0000   0.0000   0.0000   0.0000
   0.0000   0.0000   0.0000   0.0000   0.0000   0.0000   0.0000   0.0000   0.0000
   0.0000   0.0000   0.0000   0.0000   0.0000   0.0000   0.0000   0.0000   0.0000
   0.0000   0.0000   0.0000   0.0000   0.0000   0.0000   0.0000   0.0000   0.0000
   0.0000   0.0000   0.0000   0.0000   0.0000   0.0000   0.0000   0.0000   0.0000
   0.0000   0.0000   0.0000   0.0000   0.0000   0.0000   0.0000   0.0000   0.0000
   0.0000   0.0000   0.0000   0.0000   0.0000   0.0000   0.0000   0.0000   0.0000
   0.0000   0.0000   0.0000   0.0000   0.0000   0.0000   0.0000   0.0000   0.0000
   0.0000   0.0000   0.0000   0.0000   0.0000   0.0000   0.0000   0.0000   0.0000
   0.0000   0.0000   0.0000   0.0000   0.0000   0.0000   0.0000   0.0000   0.0000
   0.0000   0.0000   0.0000   0.0000   0.0000   0.0000   0.0000   0.0000   0.0000
   0.0000   0.0000   0.0000   0.0000   0.0000   0.0000   0.0000   0.0000   0.0000
   0.0000   0.0000   0.0000   0.0000   0.0000   0.0000   0.0000   0.0000   0.0000
   0.0000   0.0000   0.0000   0.0000   0.0000   0.0000   0.0000   0.0000   0.0000
   0.0000   0.0000   0.0000   0.0000   0.0000   0.0000   0.0000   0.0000   0.0000
   0.0000   0.0000   0.0000   0.0000   0.0000   0.0000   0.0000   0.0000   0.0000
   0.0000   0.0000   0.0000   0.0000   0.0000   0.0000   0.0000   0.0000   0.0000
   0.0000   0.0000   0.0000   0.0000   0.0000   0.0000   0.0000   0.0000   0.0000
   0.0000   0.0000   0.0000   0.0000   0.0000   0.0000   0.0000   0.0000   0.0000
   0.0000   0.0000   0.0000   0.0000   0.0000   0.0000   0.0000   0.0000   0.0000
   0.0000   0.0000   0.0000   0.0000   0.0000   0.0000   0.0000   0.0000   0.0000
   0.0000   0.0000   0.0000   0.0000   0.0000   0.0000   0.0000   0.0000   0.0000
   0.0000   0.0000   0.0000   0.0000   0.0000   0.0000   0.0000   0.0000   0.0000
   0.0000   0.0000   0.0000   0.0000   0.0000   0.0000   0.0000   0.0000   0.0000
   0.0000   0.0000   0.0000   0.0000   0.0000   0.0000   0.0000   0.0000   0.0000
   0.0000   0.0000   0.0000   0.0000   0.0000   0.0000   0.0000   0.0000   0.0000
   0.0000   0.0000   0.0000   0.0000   0.0000   0.0000   0.0000   0.0000   0.0000
   0.0000   0.0000   0.0000   0.0000   0.0000   0.0000   0.0000   0.0000   0.0000
   0.0000   0.0000   0.0000   0.0000   0.0000   0.0000   0.0000   0.0000   0.0000
   0.0000   0.0000   0.0000   0.0000   0.0000   0.0000   0.0000   0.0000   0.0000
   0.0000   0.0000   0.0000   0.0000   0.0000   0.0000   0.0000   0.0000   0.0000
   0.0000   0.0000   0.0000   0.0000   0.0000   0.0000   0.0000   0.0000   0.0000
   0.0000   0.0000   0.0000   0.0000   0.0000   0.0000   0.0000   0.0000   0.0000
   0.0000   0.0000   0.0000   0.0000   0.0000   0.0000   0.0000   0.0000   0.0000
   0.0000   0.0000   0.0000   0.0000   0.0000   0.0000   0.0000   0.0000   0.0000
   0.0000   0.0000   0.0000   0.0000   0.0000   0.0000   0.0000   0.0000   0.0000
   0.0000   0.0000   0.0000   0.0000   0.0000   0.0000   0.0000   0.0000   0.0000
   0.0000   0.0000   0.0000   0.0000   0.0000   0.0000   0.0000   0.0000   0.0000
   0.0000   0.0000   0.0000   0.0000   0.0000   0.0000   0.0000   0.0000   0.0000
   0.0000   0.0000   0.0000   0.0000   0.0000   0.0000   0.0000   0.0000   0.0000
   0.0000   0.0000   0.0000   0.0000   0.0000   0.0000   0.0000   0.0000   0.0000
   0.0000   0.0000   0.0000   0.0000   0.0000   0.0000   0.0000   0.0000   0.0000
   0.0000   0.0000   0.0000   0.0000   0.0000   0.0000   0.0000   0.0000   0.0000
   0.0000   0.0000   0.0000   0.0000   0.0000   0.0000   0.0000   0.0000   0.0000
   0.0000   0.0000   0.0000   0.0000   0.0000   0.0000   0.0000   0.0000   0.0000
   0.0000   0.0000   0.0000   0.0000   0.0000   0.0000   0.0000   0.0000   0.0000
   0.0000   0.0000   0.0000   0.0000   0.0000   0.0000   0.0000   0.0000   0.0000
   0.0000   0.0000   0.0000   0.0000   0.0000   0.0000   0.0000   0.0000   0.0000
   0.0000   0.0000   0.0000   0.0000   0.0000   0.0000   0.0000   0.0000   0.0000
   0.0000   0.0000   0.0000   0.0000   0.0000   0.0000   0.0000   0.0000   0.0000
   0.0000   0.0000   0.0000   0.0000   0.0000   0.0000   0.0000   0.0000   0.0000
   0.0000   0.0000   0.0000   0.0000   0.0000   0.0000   0.0000   0.0000   0.0000
   0.0000   0.0000   0.0000   0.0000   0.0000   0.0000   0.0000   0.0000   0.0000
   0.0000   0.0000   0.0000   0.0000   0.0000   0.0000   0.0000   0.0000   0.0000
   0.0000   0.0000   0.0000   0.0000   0.0000   0.0000   0.0000   0.0000   0.0000
   0.0000   0.0000   0.0000   0.0000   0.0000   0.0000   0.0000   0.0000   0.0000
   0.0000   0.0000   0.0000   0.0000   0.0000   0.0000   0.0000   0.0000   0.0000
   0.0000   0.0000   0.0000   0.0000   0.0000   0.0000   0.0000   0.0000   0.0000
   0.0000   0.0000   0.0000   0.0000   0.0000   0.0000   0.0000   0.0000   0.0000
   0.0000   0.0000   0.0000   0.0000   0.0000   0.0000   0.0000   0.0000   0.0000
   0.0000   0.0000   0.0000   0.0000   0.0000   0.0000   0.0000   0.0000   0.0000
   0.0000   0.0000   0.0000   0.0000   0.0000   0.0000   0.0000   0.0000   0.0000
   0.0000   0.0000   0.0000   0.0000   0.0000   0.0000   0.0000   0.0000   0.0000
   0.0000   0.0000   0.0000   0.0000   0.0000   0.0000   0.0000   0.0000   0.0000
   0.0000   0.0000   0.0000   0.0000   0.0000   0.0000   0.0000   0.0000   0.0000
   0.0000   0.0000   0.0000   0.0000   0.0000   0.0000   0.0000   0.0000   0.0000
   0.0000   0.0000   0.0000   0.0000   0.0000   0.0000   0.0000   0.0000   0.0000
   0.0000   0.0000   0.0000   0.0000   0.0000   0.0000   0.0000   0.0000   0.0000
   0.0000   0.0000   0.0000   0.0000   0.0000   0.0000   0.0000   0.0000   0.0000
   0.0000   0.0000   0.0000   0.0000   0.0000   0.0000   0.0000   0.0000   0.0000
   0.0000   0.0000   0.0000   0.0000   0.0000   0.0000   0.0000   0.0000   0.0000
   0.0000   0.0000   0.0000   0.0000   0.0000   0.0000   0.0000   0.0000   0.0000
   0.0000   0.0000   0.0000   0.0000   0.0000   0.0000   0.0000   0.0000   0.0000
   0.0000   0.0000   0.0000   0.0000   0.0000   0.0000   0.0000   0.0000   0.0000
   0.0000   0.0000   0.0000   0.0000   0.0000   0.0000   0.0000   0.0000   0.0000
   0.0000   0.0000   0.0000   0.0000   0.0000   0.0000   0.0000   0.0000   0.0000
   0.0000   0.0000   0.0000   0.0000   0.0000   0.0000   0.0000   0.0000   0.0000
   0.0000   0.0000   0.0000   0.0000   0.0000   0.0000   0.0000   0.0000   0.0000
   0.0000   0.0000   0.0000   0.0000   0.0000   0.0000   0.0000   0.0000   0.0000
   0.0000   0.0000   0.0000   0.0000   0.0000   0.0000   0.0000   0.0000   0.0000
   0.0000   0.0000   0.0000   0.0000   0.0000   0.0000   0.0000   0.0000   0.0000
   0.0000   0.0000   0.0000   0.0000   0.0000   0.0000   0.0000   0.0000   0.0000
   0.0000   0.0000   0.0000   0.0000   0.0000   0.0000   0.0000   0.0000   0.0000
   0.0000   0.0000   0.0000   0.0000   0.0000   0.0000   0.0000   0.0000   0.0000
   0.0000   0.0000   0.0000   0.0000   0.0000   0.0000   0.0000   0.0000   0.0000
   0.0000   0.0000   0.0000   0.0000   0.0000   0.0000   0.0000   0.0000   0.0000
   0.0000   0.0000   0.0000   0.0000   0.0000   0.0000   0.0000   0.0000   0.0000
   0.0000   0.0000   0.0000   0.0000   0.0000   0.0000   0.0000   0.0000   0.0000
   0.0000   0.0000   0.0000   0.0000   0.0000   0.0000   0.0000   0.0000   0.0000
   0.0000   0.0000   0.0000   0.0000   0.0000   0.0000   0.0000   0.0000   0.0000
   0.0000   0.0000   0.0000   0.0000   0.0000   0.0000   0.0000   0.0000   0.0000
   0.0000   0.0000   0.0000   0.0000   0.0000   0.0000   0.0000   0.0000   0.0000
   0.0000   0.0000   0.0000   0.0000   0.0000   0.0000   0.0000   0.0000   0.0000
   0.0000   0.0000   0.0000   0.0000   0.0000   0.0000   0.0000   0.0000   0.0000
   0.0000   0.0000   0.0000   0.0000   0.0000   0.0000   0.0000   0.0000   0.0000
   0.0000   0.0000   0.0000   0.0000   0.0000   0.0000   0.0000   0.0000   0.0000
   0.0000   0.0000   0.0000   0.0000   0.0000   0.0000   0.0000   0.0000   0.0000
   0.0000   0.0000   0.0000   0.0000   0.0000   0.0000   0.0000   0.0000   0.0000
   0.0000   0.0000   0.0000   0.0000   0.0000   0.0000   0.0000   0.0000   0.0000
   0.0000   0.0000   0.0000   0.0000   0.0000   0.0000   0.0000   0.0000   0.0000
   0.0000   0.0000   0.0000   0.0000   0.0000   0.0000   0.0000   0.0000   0.0000
   0.0000   0.0000   0.0000   0.0000   0.0000   0.0000   0.0000   0.0000   0.0000
   0.0000   0.0000   0.0000   0.0000   0.0000   0.0000   0.0000   0.0000   0.0000
   0.0000   0.0000   0.0000   0.0000   0.0000   0.0000   0.0000   0.0000   0.0000
   0.0000   0.0000   0.0000   0.0000   0.0000   0.0000   0.0000   0.0000   0.0000
   0.0000   0.0000   0.0000   0.0000   0.0000   0.0000   0.0000   0.0000   0.0000
   0.0000   0.0000   0.0000   0.0000   0.0000   0.0000   0.0000   0.0000   0.0000
   0.0000   0.0000   0.0000   0.0000   0.0000   0.0000   0.0000   0.0000   0.0000
   0.0000   0.0000   0.0000   0.0000   0.0000   0.0000   0.0000   0.0000   0.0000
   0.0000   0.0000   0.0000   0.0000   0.0000   0.0000   0.0000   0.0000   0.0000
   0.0000   0.0000   0.0000   0.0000   0.0000   0.0000   0.0000   0.0000   0.0000
   0.0000   0.0000   0.0000   0.0000   0.0000   0.0000   0.0000   0.0000   0.0000
   0.0000   0.0000   0.0000   0.0000   0.0000   0.0000   0.0000   0.0000   0.0000
   0.0000   0.0000   0.0000   0.0000   0.0000   0.0000   0.0000   0.0000   0.0000
   0.0000   0.0000   0.0000   0.0000   0.0000   0.0000   0.0000   0.0000   0.0000
   0.0000   0.0000   0.0000   0.0000   0.0000   0.0000   0.0000   0.0000   0.0000
   0.0000   0.0000   0.0000   0.0000   0.0000   0.0000   0.0000   0.0000   0.0000
   0.0000   0.0000   0.0000   0.0000   0.0000   0.0000   0.0000   0.0000   0.0000
   0.0000   0.0000   0.0000   0.0000   0.0000   0.0000   0.0000   0.0000   0.0000
   0.0000   0.0000   0.0000   0.0000   0.0000   0.0000   0.0000   0.0000   0.0000
   0.0000   0.0000   0.0000   0.0000   0.0000   0.0000   0.0000   0.0000   0.0000
   0.0000   0.0000   0.0000   0.0000   0.0000   0.0000   0.0000   0.0000   0.0000
   0.0000   0.0000   0.0000   0.0000   0.0000   0.0000   0.0000   0.0000   0.0000
   0.0000   0.0000   0.0000   0.0000   0.0000   0.0000   0.0000   0.0000   0.0000
   0.0000   0.0000   0.0000   0.0000   0.0000   0.0000   0.0000   0.0000   0.0000
   0.0000   0.0000   0.0000   0.0000   0.0000   0.0000   0.0000   0.0000   0.0000
   0.0000   0.0000   0.0000   0.0000   0.0000   0.0000   0.0000   0.0000   0.0000
   0.0000   0.0000   0.0000   0.0000   0.0000   0.0000   0.0000   0.0000   0.0000
   0.0000   0.0000   0.0000   0.0000   0.0000   0.0000   0.0000   0.0000   0.0000
   0.0000   0.0000   0.0000   0.0000   0.0000   0.0000   0.0000   0.0000   0.0000
   0.0000   0.0000   0.0000   0.0000   0.0000   0.0000   0.0000   0.0000   0.0000
   0.0000   0.0000   0.0000   0.0000   0.0000   0.0000   0.0000   0.0000   0.0000
   0.0000   0.0000   0.0000   0.0000   0.0000   0.0000   0.0000   0.0000   0.0000
   0.0000   0.0000   0.0000   0.0000   0.0000   0.0000   0.0000   0.0000   0.0000
   0.0000   0.0000   0.0000   0.0000   0.0000   0.0000   0.0000   0.0000   0.0000
   0.0000   0.0000   0.0000   0.0000   0.0000   0.0000   0.0000   0.0000   0.0000
   0.0000   0.0000   0.0000   0.0000   0.0000   0.0000   0.0000   0.0000   0.0000
   0.0000   0.0000   0.0000   0.0000   0.0000   0.0000   0.0000   0.0000   0.0000
   0.0000   0.0000   0.0000   0.0000   0.0000   0.0000   0.0000   0.0000   0.0000
   0.0000   0.0000   0.0000   0.0000   0.0000   0.0000   0.0000   0.0000   0.0000
   0.0000   0.0000   0.0000   0.0000   0.0000   0.0000   0.0000   0.0000   0.0000
   0.0000   0.0000   0.0000   0.0000   0.0000   0.0000   0.0000   0.0000   0.0000
   0.0000   0.0000   0.0000   0.0000   0.0000   0.0000   0.0000   0.0000   0.0000
   0.0000   0.0000   0.0000   0.0000   0.0000   0.0000   0.0000   0.0000   0.0000
   0.0000   0.0000   0.0000   0.0000   0.0000   0.0000   0.0000   0.0000   0.0000
   0.0000   0.0000   0.0000   0.0000   0.0000   0.0000   0.0000   0.0000   0.0000
   0.0000   0.0000   0.0000   0.0000   0.0000   0.0000   0.0000   0.0000   0.0000
